2 1 2 
2 4 3 
13 18 6 8 9 10 7 11 12 13 23 14 17 22 
3 16 19 20 
1 24 
4 26 27 28 29 
1 31 
1 33 
6 35 39 36 37 38 40 
1 42 
3 44 45 46 
1 48 
4 51 52 50 53 
0 
5 56 57 61 62 63 
3 58 59 60 
3 64 65 66 
1 67 
0 
2 70 71 
2 73 74 
6 76 77 78 79 80 81 
1 84 
2 85 83 
0 
0 
7 89 88 6 94 95 96 100 
6 91 92 93 97 98 99 
0 
1 101 
1 103 
1 105 
0 
2 108 109 
3 111 112 113 
0 
27 116 115 82 117 119 120 118 121 122 123 124 125 126 128 129 131 132 133 136 137 138 139 140 141 142 143 144 
2 38 130 
1 135 
1 146 
1 147 
5 149 148 150 151 152 
1 153 
1 155 
0 
0 
3 159 160 161 
3 163 164 165 
12 167 168 172 170 173 39 171 56 174 175 176 177 
0 
0 
2 180 181 
0 
0 
0 
2 186 187 
0 
4 190 191 192 193 
0 
3 196 197 195 
1 199 
0 
0 
0 
0 
11 205 219 206 211 212 220 213 215 216 217 218 
1 208 
1 210 
0 
1 222 
1 224 
3 225 226 227 
0 
0 
0 
4 232 231 233 234 
1 236 
7 238 239 240 241 242 243 244 
0 
0 
3 250 247 251 
1 249 
0 
0 
0 
2 256 257 
9 260 261 259 262 263 264 265 266 268 
0 
1 270 
1 272 
7 274 276 277 275 278 279 280 
3 282 283 284 
1 285 
0 
3 287 288 289 
0 
0 
34 294 296 293 295 297 298 299 300 301 302 303 328 324 305 307 308 309 325 327 330 304 306 310 313 314 315 319 320 321 322 323 292 326 329 
4 312 316 317 318 
1 332 
5 334 335 336 337 338 
0 
1 341 
2 344 345 
4 346 351 347 348 
1 350 
0 
1 353 
2 355 356 
0 
1 359 
1 362 
0 
12 365 370 371 366 372 379 373 375 376 377 378 380 
3 368 367 369 
0 
1 382 
0 
1 385 
0 
2 387 388 
4 389 390 391 392 
1 393 
2 395 396 
4 398 399 400 401 
0 
3 405 406 407 
0 
4 58 409 304 410 
2 411 412 
1 414 
2 416 417 
0 
1 419 
2 420 421 
2 423 424 
0 
4 429 430 431 432 
2 428 433 
1 435 
0 
2 438 439 
1 441 
1 444 
1 445 
2 447 448 
1 450 
0 
2 453 454 
1 456 
2 458 459 
2 461 462 
0 
0 
1 465 
2 468 469 
0 
1 471 
2 473 472 
3 475 476 477 
0 
4 480 481 482 483 
5 485 487 486 488 489 
2 491 492 
1 494 
9 496 497 498 201 499 500 504 505 509 
2 506 507 
2 503 508 
40 516 517 518 520 519 522 521 525 526 527 528 529 545 557 582 523 524 530 531 536 537 538 539 546 547 548 554 555 556 562 563 564 568 569 570 573 574 575 576 581 
0 
4 512 513 514 515 
6 533 534 535 540 541 542 
0 
8 565 549 566 567 550 558 559 560 
4 551 552 553 561 
49 572 577 578 579 580 583 585 589 590 584 591 592 593 558 594 559 596 599 603 595 597 598 600 602 604 588 601 609 605 606 607 608 610 611 612 613 614 615 616 617 618 619 620 621 622 623 624 625 626 
1 587 
1 628 
0 
0 
3 632 633 195 
1 635 
1 637 
0 
2 640 641 
0 
0 
2 645 646 
1 648 
0 
0 
0 
0 
0 
1 654 
9 656 657 658 659 660 666 661 664 665 
0 
1 663 
4 668 669 670 671 
0 
0 
1 674 
0 
0 
5 677 678 679 680 681 
0 
1 684 
0 
0 
1 687 
4 689 690 691 692 
0 
0 
7 205 697 698 699 671 704 705 
14 701 702 706 707 708 710 712 711 713 715 528 716 717 718 
0 
0 
1 714 
4 720 721 722 723 
0 
1 725 
1 727 
3 728 729 730 
1 731 
17 298 736 733 737 738 313 739 740 741 742 743 744 745 746 747 748 749 
2 734 735 
1 751 
3 753 754 757 
2 756 755 
0 
1 758 
2 760 761 
1 763 
1 765 
0 
0 
0 
1 769 
1 771 
0 
0 
0 
0 
0 
6 776 777 778 779 780 781 
0 
2 784 785 
1 787 
1 789 
3 791 792 793 
0 
0 
1 797 
0 
45 801 800 802 803 804 805 807 806 808 812 818 840 821 813 814 866 865 820 828 839 819 826 829 827 832 834 837 846 849 855 52 833 838 841 842 847 848 856 860 861 862 863 864 867 868 
10 810 811 816 815 817 822 823 824 825 830 
1 835 
0 
9 843 844 850 852 851 853 857 858 859 
0 
1 227 
0 
0 
0 
1 873 
1 875 
0 
0 
0 
3 879 880 881 
0 
2 884 885 
0 
1 888 
2 890 891 
0 
13 893 895 894 896 897 898 899 900 901 892 902 903 904 
1 906 
1 908 
1 910 
2 912 913 
0 
1 916 
0 
1 238 
0 
0 
6 922 921 924 925 926 928 
0 
0 
1 930 
1 931 
0 
1 933 
1 935 
0 
0 
2 939 940 
1 942 
1 944 
1 946 
2 948 949 
2 951 952 
3 954 955 956 
2 958 959 
0 
0 
3 963 964 965 
0 
0 
1 969 
2 971 972 
3 974 973 975 
0 
1 978 
1 980 
3 982 983 984 
4 986 987 988 995 
2 990 996 
1 992 
1 994 
41 998 1009 1010 1011 1012 1021 1022 1033 1031 1032 272 975 1046 1059 1060 1061 1062 1074 1075 1076 1077 216 1087 1105 1106 1107 1108 1114 1115 1116 1124 1125 1126 1127 1134 1135 1136 1145 1146 1147 1154 
28 1090 1000 1001 1013 1014 1023 1048 1015 1024 1025 1026 1034 1035 1036 1037 1047 1049 1063 1064 1065 1066 1078 1079 1080 1081 1088 1089 1091 
48 1003 1016 1004 1017 1005 1027 1038 1039 1028 1040 1111 1041 1051 1052 1110 1050 1053 1067 1068 1069 1070 319 1129 1082 1083 1092 1093 1094 1095 1096 1109 1112 1117 1118 1119 1128 1130 1137 1138 1139 1140 1148 1149 1150 1151 1155 1156 1157 
44 1008 1007 1018 1019 510 1006 1020 1152 1029 1043 1141 1143 1144 1030 1042 1044 1045 1054 1055 1056 1057 1058 1071 1072 1073 1084 1085 1086 1097 1098 1099 1100 1101 1113 121 1120 1121 1122 1123 1131 1132 1133 1142 1153 
1 1102 
1 1104 
1 1159 
0 
5 1163 1162 1164 1165 1168 
3 1167 1169 1170 
8 1172 1173 1174 1175 1178 1179 1180 1183 
1 1177 
4 1182 1184 1185 1186 
7 1188 1189 1190 1191 1192 1193 1194 
0 
1 1196 
1 1197 
4 1199 1200 1202 1201 
1 1204 
38 1206 1207 1208 1209 1213 1212 712 1214 1215 1242 1210 1211 1216 1217 1218 1219 1220 1221 1222 1223 1224 1225 1226 1227 1228 1229 1230 1231 1232 1233 1234 1235 1236 1237 1238 1239 1240 1241 
0 
5 1000 1245 1244 1246 1247 
11 1249 1252 1253 1250 1254 1255 1256 1257 1258 1259 1260 
2 1251 1248 
0 
0 
1 1263 
3 468 1265 1266 
9 1268 1269 1252 1270 1271 1272 1273 1274 1275 
0 
1 1279 
1 1280 
2 1282 1281 
0 
0 
0 
18 1285 1286 1287 1288 1289 1291 1292 1293 1294 1295 1296 1297 1298 1299 1300 1301 1302 1303 
1 1290 
2 1304 1305 
0 
3 944 1308 129 
31 1310 1311 1312 1313 1314 1315 1316 1317 1318 1319 1320 1321 1322 1323 1324 1325 1326 1327 1328 1329 1330 1331 1332 1333 1334 1335 1336 1337 1340 1341 1345 
5 1338 1343 1342 1346 1347 
1 1344 
0 
0 
0 
0 
1 1351 
10 1353 1354 1355 1356 1357 1358 1359 523 1360 1361 
0 
0 
15 1367 1368 1369 1376 1377 238 1378 1381 128 1382 1383 1384 1385 1386 1387 
0 
2 1371 1372 
0 
0 
0 
4 1374 1375 1379 1380 
0 
0 
0 
1 1392 
4 1393 1394 1395 1396 
0 
1 1398 
2 1400 1401 
2 1403 1404 
0 
11 1407 1408 1409 1410 1411 1412 1413 1415 1416 1417 1418 
6 1419 1420 1421 1422 1423 1424 
2 1427 1428 
1 1429 
1 1431 
1 1433 
1 1435 
2 1437 1438 
14 1457 1440 1441 1442 1443 1444 1445 1447 1448 1449 1450 1454 1455 1456 
3 1451 1452 1453 
0 
0 
1 1461 
4 1463 1464 1465 1466 
5 1467 1468 1469 1470 1471 
0 
0 
1 1475 
3 1476 1477 1478 
3 1480 1481 1482 
1 1484 
0 
1 1487 
0 
23 996 1490 1489 1508 1491 1496 1492 1499 1509 1510 1493 1494 1495 1497 1498 1500 1501 1502 1503 1504 1505 1506 1507 
2 1512 1513 
1 1515 
0 
4 1517 1487 1518 1519 
2 1521 1522 
0 
1 1525 
6 1527 1528 1529 1530 1531 1532 
4 1172 1534 1535 1536 
3 1538 1539 1540 
2 1542 1543 
2 1545 1546 
38 1548 1549 1552 1557 1554 1583 1553 1556 1551 1555 1558 1550 1559 1560 1561 1562 1563 1564 1582 1565 1566 1567 1568 1569 1570 1571 1572 1573 1574 1575 1576 1577 1578 1579 1580 1581 1584 1585 
8 1587 1588 1589 1590 1591 1592 1594 1595 
1 1593 
0 
1 1598 
7 1599 1600 1604 1601 1603 1566 1605 
1 1602 
2 1607 1608 
0 
2 1611 1612 
1 1614 
3 56 1617 1616 
7 1619 1620 1205 1621 1622 1623 1624 
2 1627 1626 
3 1629 1630 1631 
0 
18 1567 1633 1634 1506 1636 1635 1637 1645 1608 1639 1641 1638 1640 1642 1643 1104 1644 1646 
1 1647 
2 1648 1649 
1 1651 
2 1653 1654 
2 1656 1657 
2 1659 1660 
1 1661 
0 
0 
5 1664 1665 1666 1667 1668 
44 1598 1593 1670 1672 1671 1440 1673 7 1676 1677 1680 1675 1674 1679 1695 1678 1685 1689 1683 1684 1690 1696 1697 1698 1701 1694 1699 1682 1691 1692 1702 1703 1704 1706 1700 1705 1707 1708 1709 1710 1711 1712 1713 1714 
3 1656 1655 1686 
1 1688 
0 
24 1716 406 1717 1718 1719 1720 1727 1721 1722 1723 1725 1726 1728 1737 428 1724 1499 1731 1732 1733 1734 1735 1736 1047 
0 
2 1730 554 
1 1739 
2 1741 1742 
0 
4 297 1744 1745 1722 
4 1747 1748 1749 1750 
3 1438 1614 1753 
5 1754 1755 1756 1757 1044 
34 450 1765 1767 1760 1744 1768 1792 1766 1771 1774 1775 1776 1777 1773 1778 1779 1780 1639 1781 1782 1783 1784 1785 1786 1787 1788 1789 1790 1791 1793 1794 1795 1796 1797 
5 1761 1762 1763 1764 1769 
2 1770 1772 
0 
3 1800 1801 1802 
13 1806 1807 1609 1808 1809 1520 275 1757 1047 1810 1805 1811 1812 
1 1804 
0 
3 1815 1816 1817 
0 
14 1437 1593 1820 1819 1821 1823 1824 1829 1211 1822 1825 1826 1827 1828 
7 1831 1832 1833 1834 1835 1836 1837 
28 1840 1440 1839 1842 1841 1843 1844 1845 1846 1847 1849 1594 1850 1851 1852 1853 1854 1855 1857 1858 1859 1860 1862 1863 1864 1867 1868 1869 
1 1848 
2 89 1861 
13 1759 1866 1870 1582 1871 1872 1757 1875 1876 1878 1879 1752 1880 
2 1874 1877 
1 1882 
0 
1 297 
4 1438 1886 1887 1888 
1 1890 
1 1767 
10 1893 1900 174 1894 1895 1896 1757 1036 1897 1899 
1 1754 
1 1902 
1 1881 
26 1905 1908 468 1904 1907 1911 1913 1609 1914 368 1916 1906 1912 1917 1918 1921 1923 1929 1919 1920 1922 1924 1925 1926 1927 1928 
2 1910 1915 
0 
3 1890 1931 1932 
0 
2 1935 1934 
2 1752 1937 
0 
1 1939 
1 1941 
7 1942 1943 1944 1945 1946 1947 1948 
1 1949 
1 1950 
4 1952 1953 1656 1954 
0 
0 
0 
8 1629 1957 1000 1958 1962 1959 1960 1961 
0 
1 1964 
1 1964 
1 1967 
1 1969 
0 
4 1971 1972 1973 1974 
3 1977 1975 1978 
1 1979 
1 1752 
2 1656 1981 
3 1983 1984 1985 
1 1987 
0 
7 1990 1991 1992 1993 1994 1995 1998 
1 1997 
0 
4 2000 2001 2002 2003 
2 297 1647 
1 1718 
10 2007 450 2008 2009 2010 2011 2012 297 2013 1687 
2 2015 2016 
0 
2 2018 2019 
1 2020 
5 2022 1955 1752 2023 2024 
3 2026 2027 2028 
1 2030 
1 1435 
1 1812 
2 2034 2035 
2 2036 546 
3 2038 2037 2039 
2 1935 2041 
0 
2 1656 2044 
2 2047 2046 
3 2049 2050 2051 
22 1007 1985 2059 2052 2054 2056 2058 2067 2053 2055 2057 52 2060 2061 1981 2062 2063 2064 2065 2066 1983 1732 
0 
2 2070 2069 
0 
3 2072 2071 2073 
9 1599 2078 2079 1757 137 2074 2083 2085 2087 
2 2076 2080 
3 2081 2082 2077 
2 1629 2084 
9 2091 2095 2090 2096 568 2098 2099 2100 1890 
0 
2 2093 2097 
1 2094 
2 2103 2102 
4 2105 2106 2107 2108 
1 2110 
2 2112 2113 
0 
0 
0 
1 1995 
29 2119 2120 2121 1007 2124 1871 2126 2123 2122 2127 2128 2129 519 2131 2125 2130 2132 2133 2134 2137 2138 2139 2143 2144 2145 2151 2152 2153 2154 
13 2136 2140 1886 2141 2146 2142 2147 2148 2149 2155 2156 2157 2158 
1 1717 
1 1656 
5 2160 2161 2162 2163 2164 
0 
1 1047 
3 2167 2168 2169 
1 2171 
0 
2 1755 2174 
9 2175 2176 2177 2178 2179 2180 2181 2182 2183 
0 
3 2184 2185 2186 
2 2188 2189 
0 
2 2192 2193 
2 2195 2196 
1 1572 
1 2198 
2 2200 2201 
14 2203 1629 2204 2205 2214 2206 2208 2207 2209 2210 2211 2212 2213 121 
1 1656 
0 
0 
2 2216 2217 
2 2219 2220 
3 2221 2222 1952 
2 2223 2224 
1 2226 
1 2228 
5 2230 2231 2232 2233 2234 
12 2236 2239 2238 2237 2240 2244 2241 2242 2243 2245 2246 2247 
2 2227 2249 
7 2251 1609 2252 1808 2253 2254 2255 
2 2257 2256 
2 2258 2259 
0 
3 2261 2262 2263 
0 
6 2011 2266 2267 2268 2269 2270 
12 2271 2272 2275 2276 2273 2274 1836 2277 2278 2279 2280 2281 
0 
7 1629 1567 1407 2282 2283 2284 2285 
2 2287 2288 
3 2290 2222 2291 
3 1013 2292 2293 
0 
1 2296 
0 
4 2298 2300 2299 2045 
3 2302 2301 2303 
0 
7 2307 2308 2306 2309 2310 2311 2312 
2 2232 1639 
2 2314 2315 
2 2317 2318 
0 
4 2321 2322 2324 2323 
2 2326 468 
2 938 2327 
0 
10 2329 1757 1520 1639 2330 2331 2332 2287 2333 2334 
3 2335 1429 1598 
1 2336 
1 2337 
1 2339 
3 2341 2342 2343 
1 2345 
9 566 2347 1629 2348 2349 2350 2351 2352 2353 
5 2354 2355 2356 2357 2358 
3 2360 2361 2362 
8 2369 2363 2019 1000 2364 2365 2366 2367 
5 2370 2371 1000 2372 2373 
2 1759 2375 
3 2376 1764 2377 
5 2359 1598 2379 2380 2381 
2 2383 2384 
0 
0 
1 2078 
2 2388 2035 
2 2390 2391 
0 
1 1598 
1 2395 
0 
0 
0 
1 1639 
20 2399 2400 2215 2403 2404 2405 1679 2406 1000 2407 2409 2401 2408 1797 2410 2411 2412 2413 2415 2416 
1 2078 
0 
10 2418 2419 2420 2421 2422 2423 2424 741 2425 2426 
0 
0 
1 1470 
0 
0 
4 2431 2432 2433 2434 
1 2435 
1 2436 
0 
2 2439 2440 
1 2441 
8 1598 1757 2443 2444 2445 2446 2447 2448 
2 1588 428 
5 1889 2052 2450 2451 2055 
1 2453 
1 1588 
0 
10 1588 1440 428 2455 2456 2457 2458 2459 2460 2461 
2 1952 2462 
2 2464 1494 
0 
0 
0 
2 2468 2469 
5 2471 1736 2472 2473 2474 
0 
2 2477 2468 
2 1639 1757 
0 
2 2481 2482 
16 2483 1629 1609 1807 2484 56 2485 2486 2489 2372 2473 2487 2488 2490 2491 2492 
6 2494 2496 2495 2497 2498 2499 
4 2501 1499 2502 2503 
0 
1 1435 
1 2505 
2 2507 2508 
3 2509 1047 2140 
0 
3 981 2510 2287 
7 2255 1656 1566 2512 2513 2109 2514 
0 
0 
37 2509 2518 1598 2524 2519 2520 1757 2522 1952 2517 1616 2526 2527 2521 2287 2523 2525 1047 2528 2529 2473 1584 2530 2531 2222 2533 2534 2535 2478 1681 2538 1482 2539 2540 2541 2542 2543 
3 2532 2536 2537 
0 
0 
8 2140 2520 2026 2546 2547 2548 2549 2550 
2 2552 2553 
6 2555 2556 126 2557 2558 2559 
1 1542 
0 
6 2562 2509 1807 2563 2564 2565 
0 
1 2568 
31 2007 2570 2573 1884 2572 2578 2580 2576 2582 993 2577 2579 2583 2591 2594 2595 2574 2581 1014 611 2584 2585 2586 2587 2588 2589 2590 2592 2593 1803 2596 
1 2575 
2 2509 1582 
6 2598 2599 1572 2600 2601 2604 
3 2602 2605 2606 
0 
6 2608 2609 2610 2611 2612 2613 
0 
6 2615 423 2410 2616 2619 2620 
5 2617 1589 2618 2621 2622 
3 2624 2625 2626 
1 2628 
19 2633 2630 2631 2632 2635 1182 2637 2640 2641 2079 2634 2636 2012 2642 2638 2639 1639 2385 2643 
1 1608 
1 2509 
0 
4 1598 2644 2645 2646 
0 
4 2649 2651 2650 2652 
7 2654 2509 1943 2655 2653 2489 2656 
7 2658 2659 2660 2452 2661 2662 2607 
1 2664 
1 2666 
0 
1 2668 
1 2669 
2 2671 2593 
0 
3 2593 2673 2674 
0 
3 2677 2678 2679 
3 2681 2682 2683 
0 
2 2375 2686 
0 
50 2688 2691 1000 2689 2692 2722 2261 2690 2694 2695 2696 2697 2698 2714 2731 1007 2693 1042 2700 2701 2610 2703 2704 2372 2706 2707 2708 1939 2710 2711 2712 2713 2715 2716 2717 2718 2204 2719 2720 2721 2723 2724 2725 2726 2727 2728 2729 2663 2730 2507 
0 
2 2705 2702 
0 
1 2732 
1 1551 
7 2734 2735 2736 2737 2740 2738 2739 
1 2742 
7 2743 2744 1975 2745 2746 2275 2747 
0 
5 2748 2749 2750 2751 324 
3 2752 2753 2754 
2 2755 2756 
3 2758 2759 2760 
0 
3 2761 2762 2763 
2 2709 2764 
2 2766 2767 
0 
2 2769 297 
2 1598 2462 
1 2771 
0 
2 1639 1047 
49 2773 2774 2775 2776 2755 2787 2777 2778 2780 2785 2786 2783 2788 2779 2781 2782 2784 2709 2789 2790 2791 2792 2793 2794 2795 2796 2797 2798 2799 2811 2800 2802 2803 2804 2805 2806 2807 2808 2809 2810 2812 2813 2814 2815 2816 2817 2818 2819 2820 
0 
5 2822 2823 2824 2821 1616 
1 2826 
3 1565 2827 1996 
7 56 1639 2829 2022 2052 2313 2832 
3 1047 2667 2831 
2 1583 2237 
1 2833 
7 2835 2834 982 2836 2837 2838 2839 
1 2841 
4 1548 2829 2842 2843 
0 
1 2845 
13 56 2752 2846 2848 2847 1890 1656 2853 2849 2850 2851 2852 297 
49 452 1464 1878 2855 2755 2857 1617 2856 2042 2859 550 174 2865 2866 2110 1973 2868 2881 2858 2837 1692 2861 519 2863 2862 2864 1959 2869 2873 538 1996 2770 2875 2876 2877 2878 2879 2880 2882 2883 2884 2885 2886 1545 2513 2887 2888 1640 2889 
1 2862 
3 2507 2870 2867 
3 2207 1047 2653 
1 2872 
0 
2 2890 2891 
2 2893 2894 
2 2895 2896 
9 510 2898 1996 2755 1490 2899 2900 2901 2902 
19 1669 2904 2446 2924 2905 2906 2908 2911 2912 2909 1870 2913 2917 2918 2919 2920 2921 2922 2923 
0 
6 1716 2223 2910 2915 2914 2916 
3 2925 2926 2927 
5 1437 2932 2928 56 2931 
1 2930 
1 2934 
1 2936 
1 2938 
2 2907 2939 
3 2941 1543 2942 
20 2943 2944 1975 2945 2948 2950 2146 2441 2373 2946 2949 2951 2954 2955 1019 2487 2956 2957 2958 1636 
5 1583 2947 1682 2952 2953 
1 2960 
4 2962 2930 2963 2965 
0 
1 2966 
1 1656 
2 1995 2969 
2 1996 2971 
0 
3 2973 1639 2975 
12 2078 2974 2978 2977 2976 2979 2980 2981 2982 2983 2984 2985 
3 2986 2988 2987 
5 2990 2991 297 2993 2992 
0 
1 1639 
1 2752 
0 
1 2550 
0 
3 2562 1047 2150 
30 1757 2999 3000 3001 3002 3003 3004 3006 3012 56 1682 3005 2907 1582 3007 3008 3009 3010 3011 265 3013 3014 3015 3016 3017 3018 3019 3020 2975 3021 
0 
0 
0 
4 3024 3026 3027 3028 
2 3025 3029 
2 1572 3030 
2 2007 1582 
1 3033 
2 3034 3035 
2 3036 2373 
6 1047 3038 3037 3039 3040 3041 
2 1656 170 
2 1000 2078 
6 2109 3045 3044 3046 3047 3048 
3 3049 3050 3051 
0 
13 3055 3053 3056 3054 1757 3057 3058 3059 3060 3061 3062 317 3063 
0 
1 115 
0 
0 
1 3066 
1 3068 
4 3069 1835 3070 3071 
2 1013 2399 
1 3074 
0 
2 1995 3076 
5 2752 2300 3077 2563 3078 
5 3079 3080 3081 3082 3090 
3 3083 3091 3092 
1 3085 
3 3087 3093 3094 
1 3025 
3 3095 3096 3097 
1 2939 
2 3099 2150 
0 
7 3103 3104 3105 3111 3106 3112 3113 
5 3107 3108 3109 3110 3114 
2 1757 3115 
10 3116 3117 3118 3119 3120 3121 3122 3123 1565 3124 
3 1757 423 3126 
2 3128 3129 
1 3131 
0 
1 3132 
1 3134 
2 3136 3068 
2 3138 3083 
2 3139 3140 
0 
2 3143 3142 
9 733 1759 3144 3145 3146 3147 3150 3151 3152 
2 3149 801 
3 3154 3155 3156 
3 3158 3159 1964 
1 3160 
0 
8 3162 3164 3163 3165 3166 1512 3167 3168 
2 1995 3169 
1 3171 
4 3172 3173 1490 3174 
1 2550 
2 3177 3178 
1 2387 
4 993 1759 3179 3180 
1 3181 
1 3183 
0 
1 3186 
6 2549 3187 3188 3189 3190 3191 
3 3193 3194 3195 
3 3196 2059 2675 
0 
2 3199 3200 
2 3202 3205 
1 3204 
1 3025 
0 
0 
1 3208 
7 3209 3210 2523 2326 3187 3211 3212 
0 
3 1757 3215 3216 
15 3218 2609 3219 3222 3221 3224 297 3220 3223 3227 3225 3226 1825 3228 3229 
30 3231 3232 2224 3234 2474 3233 3235 3236 3237 3238 2545 2973 1490 3240 1604 1797 3241 2444 3242 3243 3244 3245 3246 3247 3248 3249 3250 3251 3252 3253 
1 1995 
0 
1 3255 
3 3256 3257 3124 
29 2836 3259 3260 3261 3262 3263 3264 3265 3124 2109 3266 3267 3268 3269 3270 3271 3272 3273 3275 3276 3277 3278 3280 3281 3282 3283 1954 3284 2508 
2 3274 3279 
3 2509 3286 3285 
1 2317 
7 3289 3290 3291 3292 3293 3294 3295 
0 
0 
35 801 3297 1598 3298 993 3300 3301 3302 3304 3305 1520 2188 301 3306 1565 1460 3307 2290 2488 1890 3308 2191 3310 3311 3312 2563 3316 3317 3318 3321 496 3322 3323 272 3324 
1 3299 
0 
1 1767 
0 
6 3315 3319 3116 3314 3320 1931 
2 3326 3327 
3 3204 490 3329 
0 
7 3325 1995 1047 3332 3333 3331 1753 
0 
10 3335 3336 3339 3337 3338 3340 3341 3342 3343 3344 
4 1656 3346 3347 3345 
2 3291 3349 
18 2255 3351 3352 2752 3230 3353 1211 3354 1793 3355 3356 3357 3358 3359 3360 3361 3362 3363 
1 1656 
1 3364 
0 
6 2238 3369 3266 3367 2653 3368 
0 
6 3371 3372 3373 1617 3038 3374 
2 1656 3376 
1 3377 
3 3378 3379 3380 
0 
3 3382 564 1973 
4 56 3384 3385 3386 
1 3388 
0 
1 3390 
12 2939 71 3392 1971 2273 3230 3395 3396 3256 2248 3397 1973 
1 3394 
4 3339 3398 3399 3315 
2 3400 1973 
6 1971 3314 3230 3392 3073 3315 
1 3401 
4 3404 3403 3405 3406 
0 
0 
0 
1 3390 
2 3409 3410 
0 
5 3413 1042 3414 3415 3416 
7 3418 2509 3419 3390 3420 3421 3422 
0 
0 
3 3424 3425 3426 
1 3428 
6 3429 3114 3424 3430 1582 3431 
1 3402 
2 3433 2681 
1 3435 
1 1999 
0 
13 3438 3439 3440 3453 3441 3442 3443 3447 3444 3445 3448 3449 3450 
8 2189 1598 56 2275 3451 3452 2287 3446 
0 
5 3288 3199 3230 1931 2474 
6 3456 1886 2022 2021 1955 3457 
0 
4 1593 3460 2222 1490 
14 3461 3462 3463 3464 3465 3466 3467 3468 3469 3470 3471 3472 3473 3474 
3 2189 3476 3477 
1 3479 
2 3481 2077 
1 2222 
1 3483 
17 1598 3484 2233 2372 1629 3485 1875 2015 3488 3489 3496 2054 3497 3498 2653 3499 2287 
4 3490 3491 3492 3493 
3 2570 3494 3495 
1 1967 
1 71 
0 
1 3501 
0 
3 3504 3505 3506 
0 
10 3514 2176 293 3507 3508 3509 3510 3511 3512 3513 
2 2018 3516 
1 3518 
1 3520 
10 3521 2158 3522 1832 1757 3523 3524 3525 3526 3527 
5 2492 3461 1674 1757 3528 
4 1629 3530 3531 3532 
4 3533 3534 3535 1628 
46 3325 3539 3537 1567 1491 3538 3540 3544 3541 3182 3542 3543 528 1047 3546 3547 3558 3545 3548 3359 3551 3552 3553 3554 3559 3560 3561 3562 3563 3564 3565 823 3566 3567 3568 3569 3570 3571 3572 3573 3574 3575 3576 3577 3578 3581 
6 2011 1757 3550 3555 3556 3557 
2 3580 3582 
2 3583 3550 
0 
17 2570 2572 3585 3586 1996 3594 3587 1640 3588 3589 3590 2254 3591 3316 3592 1458 3593 
0 
0 
1 3595 
6 1757 3596 2109 3597 3598 3599 
1 1520 
0 
18 56 3602 1767 3537 3614 3603 3604 3605 3607 3263 1565 3609 3610 3611 3612 3613 3615 3616 
2 2399 3608 
1 1967 
0 
0 
0 
1 3040 
2 3619 3620 
1 3621 
2 3623 3624 
1 1967 
32 2375 3626 3625 2976 1669 3627 3628 3629 3630 3632 1656 3660 3631 3636 2616 3637 3638 3643 3644 3645 3646 3649 3650 3651 3652 3653 3654 3655 3656 3657 1825 3659 
8 3634 3635 3639 3640 3641 3642 3647 3648 
6 3661 896 3662 3663 3664 1656 
3 3666 3667 3668 
1 2509 
13 3669 1598 3670 3671 1757 2371 1809 3176 3672 3673 3674 3675 3676 
6 3678 2971 1995 3679 3621 3680 
0 
1 3683 
1 3684 
1 1973 
0 
0 
1 56 
0 
0 
13 2016 3690 3691 3689 3681 3211 3200 3457 3694 3692 3693 1801 3695 
32 2570 3696 3697 3698 3699 3700 3701 3702 2607 2371 3703 3719 2274 3705 1757 584 3704 3708 1825 3709 3710 3711 2254 3712 3457 3713 3714 3361 3715 3716 3717 3718 
1 3707 
0 
1 3721 
1 3722 
1 1852 
9 1598 2371 1757 3725 2924 3724 3726 3727 3728 
2 3367 938 
4 3730 3482 3731 3732 
4 3734 3735 3736 3737 
1 3738 
0 
9 3116 1494 1724 3740 3741 3176 3742 3743 3744 
0 
0 
0 
10 3748 2274 3176 2015 3749 3751 3752 3755 3756 2959 
0 
3 3754 3757 3758 
0 
4 3761 3760 3762 3763 
2 3706 1995 
1 3764 
0 
3 3372 3765 3766 
1 1435 
0 
0 
3 2026 3770 3771 
4 2492 1757 3772 3773 
3 3774 3775 3776 
0 
28 3781 3779 3780 3782 3783 488 2954 3784 2876 3785 3786 2398 3787 3788 3789 3790 2198 3791 3792 3793 3794 3795 3796 3797 3778 3798 3799 1603 
1 1656 
0 
0 
6 1609 3138 205 3517 3801 3802 
11 3803 3804 3805 3806 3807 3808 3809 3810 3811 3812 3813 
50 37 3815 3814 3817 3820 3745 3816 2340 3821 3823 3825 3828 3830 3842 3824 2238 3827 588 3831 3832 3835 3836 3837 3838 1499 3841 3843 3847 3848 3849 3850 3851 3852 3853 3854 3855 3856 3858 3859 3860 3245 3861 3862 3863 3865 3866 3867 3868 3869 3870 
3 3819 3112 3822 
3 3263 3826 3829 
0 
7 1037 1000 3839 3840 3844 3845 3846 
0 
1 3864 
0 
7 1759 3627 3872 3745 3517 3874 3875 
4 1598 3876 3877 3726 
8 1598 3879 1211 3881 3821 2340 3880 3882 
1 3883 
1 1967 
0 
0 
0 
1 3888 
1 1598 
1 3890 
1 3891 
20 3892 3227 3893 3905 3904 3894 1609 3900 3911 3895 3910 1562 3896 3897 3898 3899 2954 3901 3902 3906 
3 3907 3908 3909 
8 1609 3919 3912 3913 3914 3916 3917 3918 
0 
2 3754 3920 
3 2198 297 3922 
2 3924 3754 
3 3926 3927 3928 
0 
17 1967 3230 3931 1013 3627 3933 2860 3930 3932 3934 2474 3935 2446 1241 3936 1970 2439 
0 
4 3937 2583 3938 3939 
2 3941 3942 
0 
4 3944 3945 3946 3947 
1 3949 
2 1757 2022 
9 3951 3952 3953 3778 3954 3955 2470 3957 2021 
3 1955 2851 3958 
0 
1 3133 
1 3961 
4 3959 3878 3962 3891 
14 3963 3964 3965 3966 3967 297 3299 3968 3969 3970 3971 3972 3973 3974 
1 3976 
1 3978 
0 
2 3959 1757 
1 3979 
3 3980 3981 3982 
2 3754 3984 
2 3986 3987 
6 1806 3988 3989 3778 3757 3990 
1 3991 
2 3621 3992 
1 1868 
5 3133 3994 2954 3328 3995 
2 3784 1973 
8 3997 3996 3998 3999 4000 4001 4002 4003 
5 2520 3358 4004 4005 4006 
1 4008 
0 
0 
0 
5 4011 4012 4013 4014 4015 
0 
1 4017 
1 2389 
0 
1 4021 
0 
0 
0 
1 1906 
4 1598 2026 4026 4027 
1 4029 
2 4031 4032 
0 
3 4033 4034 4035 
4 3524 4039 4037 4038 
5 452 4040 2657 4041 4042 
1 4044 
0 
1 4047 
1 4048 
2 4049 4050 
0 
6 4052 1814 4053 1817 2975 4054 
1 4056 
0 
37 2078 1767 1807 4061 4059 4058 4060 3477 3537 3210 71 2248 4070 1608 2918 2653 2290 4062 3900 4063 4064 4065 4066 3711 4067 4068 4069 1639 4071 3726 4072 4073 1658 4074 4075 4076 4077 
2 4078 3621 
0 
3 4081 4082 4083 
4 2140 4084 4085 4086 
0 
0 
0 
0 
0 
10 4089 3839 2027 4091 71 4090 4092 4093 4094 4095 
2 4097 4098 
1 4100 
4 4101 4102 4103 4104 
3 3400 1973 3685 
48 4005 1566 7 4105 910 4111 4108 4112 4107 2383 3807 4109 1208 4118 4122 1878 4113 4121 4125 2070 4127 4128 523 4115 4116 4117 4119 4120 4123 1890 4124 3420 2525 4126 1639 4129 2745 2545 4130 2444 4131 1659 1613 4132 4133 4134 4135 4136 
0 
2 4110 4114 
0 
4 1598 1435 4137 4138 
1 231 
1 4139 
1 2379 
7 1435 566 4140 2335 4141 3139 4142 
2 2749 4144 
0 
1 727 
4 3210 4147 4148 4149 
2 4150 4151 
2 2507 4153 
38 3438 4156 4155 2255 4158 4159 4157 4161 56 3357 4160 1807 4165 4164 3920 4162 4163 1036 4167 2586 4168 4169 4170 4171 4182 4183 4166 4172 4173 4174 4175 4176 4177 4178 4179 2204 4180 4181 
0 
2 1588 988 
10 2293 3804 4185 4188 3210 1025 4187 3054 4189 4190 
0 
2 3210 4148 
0 
3 1629 4078 3960 
1 1967 
4 4194 4195 4196 4197 
5 1609 1249 3894 4199 4200 
17 1767 9 1609 2195 4201 4202 1807 1516 3522 4205 4206 4209 4210 4211 4212 4216 4217 
15 2671 3959 4204 3809 4207 2140 4208 4143 4213 4214 3256 4215 4218 4219 4062 
0 
3 4221 4222 2140 
0 
1 1819 
2 2379 4225 
1 4227 
1 4229 
3 4231 4232 4233 
6 4235 3679 4236 4237 1629 4238 
7 56 4239 4070 4223 1805 3170 4240 
15 993 4242 56 4244 4245 2973 4243 4251 2313 4246 2643 4247 4248 4249 4250 
1 4252 
8 4105 3077 4259 1494 4255 4256 3778 4258 
2 4257 1629 
0 
3 4260 1487 4261 
19 4262 1252 4263 2559 4203 2607 4264 4265 4266 4267 4268 4269 4270 4271 4272 4273 4274 4275 4276 
1 4278 
2 3453 4279 
7 3658 428 4280 3778 3182 3170 4282 
4 2120 3745 3878 2191 
1 4283 
0 
17 1807 4287 2354 2509 1669 398 2078 4286 1957 4288 2085 1493 4289 2139 4290 4291 4292 
2 4294 4295 
0 
0 
5 3446 4297 4298 4299 4300 
1 4302 
1 4147 
4 2988 697 4143 1973 
2 1499 4305 
1 4306 
29 1616 4308 4309 4310 3002 4312 1480 4329 2653 4315 4311 1718 4313 4314 2918 4316 4317 4318 4319 4320 4321 4322 4323 4324 4325 4326 4327 4328 2144 
0 
4 45 2078 56 4331 
0 
7 1425 4335 4337 4334 4336 241 4338 
2 4340 4341 
1 4342 
2 4344 4345 
0 
2 1886 4347 
0 
1 4349 
2 4351 4352 
1 3053 
4 1682 4353 4355 4354 
1 3913 
0 
4 2140 4356 1521 4357 
1 4147 
2 4358 4359 
13 4361 4369 2552 4362 4363 3962 4364 4365 3226 4366 4367 4368 1808 
0 
2 3200 2688 
1 4373 
0 
20 3036 3291 896 3356 4374 4375 2132 1692 2895 4372 3170 2466 2021 4377 3423 4378 4379 4380 4381 4382 
2 1598 4376 
1 4384 
2 1952 4386 
1 4388 
0 
5 4391 2507 4392 4393 4390 
2 4395 4396 
22 3948 4398 4125 2924 297 1224 4399 4400 4401 4402 4405 4406 4407 4408 4409 4410 4411 4412 4413 4414 4415 4416 
1 4404 
1 4418 
2 1598 4420 
7 4203 4422 4423 4424 4425 4426 4427 
0 
6 1019 1639 3116 4428 4429 4430 
3 4432 4433 4434 
1 4436 
2 4438 4439 
5 4441 4440 4442 4443 1736 
4 3036 4125 4444 2704 
8 523 4446 4448 4447 4449 3230 4451 4452 
1 2140 
15 4454 4455 1629 1639 2363 3962 2398 1830 4456 4457 2222 4458 4459 83 2490 
2 2007 2011 
1 4462 
1 3325 
1 2215 
1 4464 
1 2505 
2 2427 4467 
1 4469 
1 4147 
6 4470 4473 1598 4471 4472 4474 
0 
4 4476 4477 4478 4479 
0 
2 4481 4482 
1 4484 
0 
4 4485 4486 566 4487 
0 
1 4490 
14 2026 4446 4491 2509 4492 2189 4493 4494 4497 4498 496 1617 4495 4496 
0 
2 4500 4501 
5 4502 4503 4504 3036 174 
2 4506 4507 
25 4511 4510 4509 4512 4513 4514 4515 395 4517 4518 2890 4519 4520 4521 4522 4523 4524 4525 4526 4527 2125 4528 4529 4530 4531 
0 
18 1609 4533 1025 2079 2022 4532 1482 4069 4534 4495 2070 4457 4535 3962 4258 2021 4536 4537 
3 4540 4539 4541 
0 
1 297 
1 4545 
3 4547 4548 4549 
1 4550 
1 4551 
0 
2 4552 3685 
1 4554 
1 4556 
1 1520 
0 
2 4421 4558 
1 1767 
3 4561 2653 4560 
2 4562 4563 
2 4564 4565 
0 
1 468 
11 1548 2818 4567 4568 2328 2266 4570 4571 2398 4572 2956 
1 4569 
2 3878 4574 
12 56 4576 4577 4578 4575 2750 3679 4579 4134 1973 4580 4581 
1 1669 
0 
1 354 
35 4583 1315 3446 4584 4585 4586 4587 4590 4588 4589 4591 4592 4601 4593 4594 4598 4599 4600 4604 4605 4606 4607 568 4608 4609 4610 4611 4612 4613 4614 4615 4616 4617 4618 4619 
11 4421 3608 4595 4596 4495 4105 4597 4437 3230 4602 4603 
1 4621 
8 4157 1551 4622 4623 4624 1959 4625 1639 
21 4626 4627 4628 450 994 4630 4631 4633 4629 4632 2383 3139 3803 2624 4635 4636 4638 4639 4640 4641 4642 
2 4637 3093 
8 56 1491 4643 170 4645 4644 4557 4646 
1 4510 
1 3807 
3 4650 4651 4652 
1 4566 
1 1658 
0 
3 2746 4655 4656 
3 4658 4659 4660 
1 4662 
10 1760 801 4664 1609 2120 56 2909 3778 4666 4665 
1 4668 
1 4647 
0 
1 4454 
0 
1 4672 
5 2326 4625 4674 4675 4676 
1 4677 
2 1632 297 
4 4680 4679 1001 2266 
5 4682 4683 4685 4684 4686 
2 1973 4687 
0 
50 1808 4690 1014 4691 4694 1523 4695 2266 1886 4692 4697 4698 4699 2695 4701 1960 4711 4693 2040 4696 2507 4702 2680 4647 4703 4704 4705 4706 2584 4707 4708 4709 4710 4060 4712 4713 4026 4714 4374 2939 3313 4215 4716 4717 4718 4719 4720 4721 3233 4722 
0 
0 
0 
1 2375 
1 4725 
2 4727 1609 
0 
5 4730 4731 297 2507 2140 
5 4733 1025 697 4129 3955 
10 4734 4735 4737 4736 4738 4739 2209 4740 4741 4742 
2 1823 4182 
0 
2 2510 4744 
2 4745 4746 
1 4731 
6 2198 4748 4749 4750 4751 4747 
1 2183 
4 4156 4162 2752 2507 
1 4755 
5 4757 4758 4759 4760 4761 
15 4454 4763 938 4764 4777 4778 4765 4767 4768 4762 4772 4773 4774 4775 4776 
3 4769 4770 4771 
7 2290 56 1757 4450 1805 4780 2550 
1 4781 
0 
0 
0 
0 
2 4786 4787 
4 4789 2653 2709 4790 
4 4789 4791 4792 4647 
5 2978 4793 2976 1518 297 
1 4795 
1 4797 
1 4770 
0 
6 3325 551 4801 4761 4802 4803 
3 1572 2035 4804 
0 
3 3410 4806 4807 
1 4809 
1 2709 
3 4812 4811 4813 
0 
0 
5 4454 4815 4816 4817 4818 
1 3334 
5 4820 3825 4821 4822 4823 
2 4825 4826 
1 4828 
1 4829 
0 
2 4789 4832 
1 4833 
0 
0 
1 4837 
0 
0 
2 4454 4839 
3 4789 2709 4841 
0 
0 
1 468 
2 3210 4845 
0 
0 
0 
0 
1 4849 
1 4851 
4 2260 4853 4854 4855 
2 1598 3621 
8 56 4789 4446 3430 4571 4857 4858 4859 
2 4860 4861 
4 4863 4162 4864 4865 
1 4819 
1 4868 
2 4454 4648 
9 4595 4869 3299 4870 4871 4872 4873 1973 4875 
2 4836 4874 
6 4876 3621 4877 664 19 4878 
1 2570 
3 3621 2709 4879 
2 3073 3621 
0 
24 4880 4882 4883 4881 4885 4886 1718 4884 3879 4887 4889 4890 1582 4888 1879 4891 4892 4893 4894 4895 4896 4897 4898 4899 
2 1757 4647 
0 
0 
1 2994 
0 
0 
12 4902 4903 4906 2555 4905 1172 56 4907 325 4908 4909 4910 
2 58 4904 
4 4912 4913 3299 4914 
0 
0 
0 
1 4916 
0 
5 4918 4919 3457 4920 4921 
4 4922 1042 2704 4913 
6 3887 1599 3378 4923 4873 1582 
0 
3 4926 3382 4927 
0 
2 56 4930 
1 4931 
1 4933 
50 4934 4935 2939 56 4939 4796 4936 4937 4399 4938 4941 676 4950 40 1759 4940 4943 4945 4948 4949 4372 4944 4951 4952 4953 4954 3952 4863 4834 4955 4956 4957 4958 4959 4960 4961 4962 2470 4963 3459 4964 4965 2884 4966 4967 4378 4581 4968 4969 4970 
3 4946 4947 1042 
1 4946 
0 
3 4972 910 3073 
5 4973 4974 4975 4506 4976 
0 
1 485 
6 4980 4981 3449 4982 4983 4984 
5 4986 3621 89 297 2351 
0 
0 
1 4989 
4 4990 1973 4991 3781 
3 4995 4993 4994 
49 3119 4996 2458 4998 4999 5002 395 5001 2994 5007 4715 1042 5006 3372 3950 5010 3857 5011 3404 5012 5013 2042 5014 4957 5015 4062 4495 3807 5016 4132 4582 5017 3885 3073 5018 4218 4577 5019 3785 5020 5021 5022 2675 5024 5025 5026 5027 5028 5029 
6 5000 5003 5004 5005 5008 5009 
1 2567 
0 
1 2528 
2 5032 5033 
3 2189 5035 5036 
2 5037 5038 
8 5039 2078 5040 5041 5042 5043 5044 5045 
9 5047 2752 2750 3857 4933 5050 5051 5052 5053 
1 5049 
1 2826 
14 5054 5055 5056 5057 5058 5060 395 5061 5063 5064 5065 5067 5068 5070 
1 5062 
1 5069 
4 5072 5073 5074 5075 
6 1755 5076 2474 5077 5078 3181 
1 4789 
8 1367 5081 4659 1030 5082 5083 5084 4549 
4 5086 5087 5088 5089 
1 5091 
5 5093 5094 4647 5095 5096 
1 4789 
1 297 
5 5099 5101 5100 5104 5103 
1 5105 
0 
1 4454 
16 5108 56 5109 5107 5110 5111 5112 5113 5114 5115 5116 5117 5118 5119 5120 5121 
0 
1 4789 
1 1598 
5 5124 3621 2954 1972 5125 
0 
4 4743 4454 5126 2285 
3 5127 3585 3994 
0 
1 1598 
6 5130 5131 7 5132 5133 5134 
10 2238 5135 5136 5137 5141 297 5139 5138 5140 5142 
1 2826 
1 5145 
2 5146 3331 
18 2555 2631 5147 5148 5159 1437 58 5149 5150 5153 5154 3802 5151 5155 2792 5156 5157 5158 
2 5152 5128 
0 
1 487 
1 5162 
1 1999 
1 5163 
2 5164 1973 
1 3621 
2 5166 2885 
1 3621 
2 5169 5163 
0 
5 5172 5171 5173 5175 5176 
2 5177 3621 
17 5199 2026 5182 2525 5181 5184 5183 5187 5188 3675 611 1838 5191 1288 5192 5198 5202 
2 5180 5185 
10 5189 4998 1973 5190 5193 564 3372 5194 5195 5200 
1 5197 
32 5223 5163 5225 428 1715 2457 5201 5205 5206 3299 5203 1161 3621 5221 5204 5207 1733 5208 5209 5210 5211 5212 5213 5214 5215 5216 5217 5218 5219 5220 5222 5226 
6 5227 5228 5229 5230 5224 5231 
1 5163 
3 468 466 1520 
1 4280 
4 5234 5235 5236 5237 
6 5238 5239 5240 5241 4437 3343 
4 5236 2988 5242 5243 
6 5163 3621 5245 5246 5247 5244 
5 3397 3621 5249 450 5250 
3 2354 5251 5252 
0 
2 5253 5254 
14 3988 5258 5257 5256 5260 5261 5267 5259 5262 5263 5264 5265 5266 5268 
2 3621 5270 
5 4454 1995 2022 3778 5272 
0 
0 
13 5274 2988 5275 5236 5276 1557 3621 5277 5278 5279 5280 5281 5282 
2 1596 4560 
2 3621 5284 
1 5286 
1 5287 
1 2444 
2 468 5289 
4 4881 5291 5292 231 
4 1013 5293 5030 2456 
1 2875 
1 5295 
2 1601 5297 
0 
6 1435 5298 5299 5300 5301 5302 
0 
1 89 
10 1889 2078 5306 2572 1019 5307 5308 5309 5310 5311 
8 4881 5312 1522 5313 5314 5315 5316 5317 
3 5318 5319 5320 
2 3621 5322 
6 5323 5324 4488 5325 5326 5327 
2 5329 5328 
1 5331 
3 5236 5283 4297 
5 5333 2248 5334 5335 5332 
2 5337 5270 
8 4881 568 5338 5339 1516 2261 5340 5341 
1 577 
25 5344 5345 2973 5343 5346 5348 5347 5349 5350 5352 5353 5354 5365 5351 3439 5355 5356 5357 5358 5359 5360 5361 5362 5363 5364 
1 5366 
1 5236 
1 5236 
0 
0 
15 2562 5371 3252 2520 5372 5370 5236 5379 325 5373 5374 5375 5376 5377 5378 
0 
5 2570 5380 5233 4876 5381 
2 5236 5383 
16 2215 5384 89 5386 5387 5395 5388 5389 5390 5391 5392 2704 5393 5394 5396 2863 
0 
9 56 5402 5404 588 5398 5399 5400 5401 5403 
17 5405 5406 5407 4153 5408 5409 5410 5411 5412 5413 5414 5415 5416 5417 5418 5419 5420 
0 
3 1013 4223 2704 
2 2004 4391 
2 5424 5425 
7 5426 1598 1806 1646 1757 1656 1551 
18 5427 5428 1602 5431 3083 5432 5236 1724 3117 5429 5430 5433 5434 5435 5436 539 5439 5440 
50 5438 5444 3702 5453 556 5443 5445 5448 5441 5446 5447 5449 5450 5451 5454 5442 5458 5452 1085 5455 155 5461 5462 5463 5464 5465 1153 5476 5456 5457 5459 5460 5466 5467 5468 5469 5470 5471 5472 5473 5474 5475 5477 5478 5479 5480 5481 5482 5483 5484 
0 
0 
7 4051 2332 2653 5486 2595 5487 5488 
3 1019 5489 5490 
2 2045 3678 
1 5492 
5 5494 5495 5496 5497 5498 
0 
1 5500 
8 5502 297 5503 3093 5501 5504 5505 5506 
4 4778 2175 5508 5507 
2 5509 1973 
1 5510 
1 5512 
1 5514 
0 
2 1019 5379 
2 5517 5518 
3 1588 5519 1440 
2 5501 5236 
0 
4 5521 5524 5522 5523 
2 5501 5526 
4 5528 5529 1917 5530 
0 
1 1265 
1 5236 
0 
5 5310 5306 5534 5535 5536 
0 
0 
23 5538 3334 5539 5541 5543 5540 5542 1893 5544 2441 4704 5558 3102 3199 5546 3487 5547 5548 5549 5551 5552 5553 5557 
2 4849 5545 
0 
2 5236 5550 
6 1013 5555 5556 5508 5559 5560 
0 
1 1551 
2 4918 5562 
1 5236 
0 
2 1832 5565 
1 5566 
0 
0 
0 
0 
4 5573 3582 2909 5572 
1 5575 
12 1767 5576 2498 5577 5578 3351 5579 5580 5581 5582 5583 1562 
1 5584 
1 5236 
0 
17 4680 5588 5144 5587 5589 5590 5592 5591 5098 5593 5594 5595 5596 5597 2503 5598 5599 
6 2988 1617 5601 2552 1971 1973 
2 1995 5603 
1 5604 
2 2826 5236 
4 485 1682 5179 5605 
2 5606 5607 
0 
1 5270 
2 5610 5609 
0 
1 3114 
9 5611 3804 5612 5613 5614 5615 5616 5617 5618 
3 5620 4779 5501 
2 2826 5270 
5 5623 3809 5624 3230 1025 
7 5625 3530 5626 5627 3659 5628 5629 
6 5630 5631 5632 5633 5634 5635 
4 1598 1042 5636 5130 
1 2015 
3 5637 297 5236 
1 5639 
2 5641 5640 
1 5642 
1 5643 
1 5645 
3 5647 5648 5649 
10 2570 1429 5650 1598 5652 5651 5653 5654 5655 4946 
1 5656 
1 1616 
0 
15 5236 5659 5660 3959 3230 4873 5661 1044 4036 1897 5662 5663 5664 5665 4215 
3 4060 5667 5668 
3 3047 5670 5671 
0 
2 5673 2300 
6 5675 5078 2140 5674 5676 5677 
0 
1 5680 
1 1656 
0 
50 5682 5684 5683 1718 5685 5693 5692 2536 4757 5691 5694 5695 5687 5690 4647 5678 2895 5698 5699 5686 4137 1870 5688 5689 5697 3325 5700 5701 5702 3241 5703 5704 5705 5706 5707 5708 5709 5710 5711 5712 5713 1589 5714 5715 5716 5717 5718 5719 5720 5721 
3 170 2358 5696 
0 
0 
5 5726 2954 5724 5725 4248 
0 
2 5728 5729 
3 1727 5730 5731 
4 450 2519 5529 5732 
1 5733 
1 1205 
0 
2 5736 5737 
1 5270 
0 
2 5739 5740 
3 2895 5729 5742 
22 5744 4694 5100 1886 5745 5746 5747 4069 5013 2718 1973 5750 5638 5751 3392 5752 5753 2610 4133 5754 1490 5755 
4 4137 4622 5748 18 
0 
0 
0 
1 5236 
1 5759 
2 5236 5728 
3 5761 1598 5762 
0 
1 5764 
0 
4 5767 5768 5770 1042 
1 4545 
1 5769 
6 1438 3532 2183 2761 5771 275 
0 
2 5729 3887 
0 
1 5773 
4 5774 5775 5776 5236 
1 5207 
2 1598 5226 
0 
0 
15 1598 5781 297 5729 5188 5780 5782 5785 5501 5786 5789 3225 5790 5791 5792 
23 1617 5783 5787 2653 5784 5788 5540 1719 4454 1025 5793 4372 2466 2170 4374 5794 5795 5796 5797 5798 2015 5799 2876 
0 
0 
0 
1 5801 
1 5236 
10 2045 5804 5805 1042 5806 5236 5807 5808 5809 2644 
1 5236 
1 4579 
3 2379 5812 5236 
1 5813 
1 5236 
1 4913 
9 331 5815 5814 276 2608 1357 5816 5817 5818 
3 468 5820 5821 
2 5823 5822 
4 5825 2917 5826 5827 
3 5828 2749 5829 
1 2570 
5 4454 40 5830 5831 4208 
1 2326 
3 2826 5833 5834 
16 1167 5836 5837 5838 5839 5840 5841 5842 5846 5843 3559 5844 5845 5847 896 5848 
0 
1 5850 
5 4454 5782 1019 5851 5852 
27 5853 5854 1172 2379 5855 3724 5856 5857 5484 5858 5364 5859 1103 5860 5861 5862 606 5863 5864 5865 5866 5867 5868 5869 5870 5871 5872 
1 5873 
46 2828 2078 5875 1288 5876 2512 2490 5877 2876 5878 3919 5880 5881 5879 5882 45 1206 5883 5884 5885 5887 5888 1007 5886 5889 5804 3816 5890 5891 5892 5894 5895 5896 5897 4403 5893 5898 5901 5902 5184 5903 5904 5905 5906 5899 5900 
8 5908 5909 2895 5912 297 5911 5913 5915 
