1 42	2 0	
4 0	3 0	
18 10	6 7	8 3	9 3	10 3	7 2	11 2	12 2	13 1	23 1	14 0	17 0	22 0	
16 1	19 0	20 0	
24 0	
26 0	27 0	28 0	29 0	
31 0	
33 0	
35 4	39 2	36 1	37 1	38 1	40 1	
42 0	
44 1	45 0	46 0	
48 0	
51 3	52 2	50 0	53 0	

56 1	57 0	61 0	62 0	63 0	
58 2	59 2	60 0	
64 0	65 0	66 0	
67 0	

70 0	71 0	
73 0	74 0	
76 9	77 0	78 0	79 0	80 0	81 0	
84 0	
85 4	83 0	


89 10	88 1	6 1	94 0	95 0	96 0	100 0	
91 1	92 0	93 0	97 0	98 0	99 0	

101 0	
103 0	
105 4	

108 3	109 0	
111 0	112 0	113 0	

116 5	115 2	82 2	117 1	119 1	120 1	118 0	121 0	122 0	123 0	124 0	125 0	126 0	128 0	129 0	131 0	132 0	133 0	136 0	137 0	138 0	139 0	140 0	141 0	142 0	143 0	144 0	
38 0	130 0	
135 0	
146 0	
147 0	
149 1	148 1	150 0	151 0	152 0	
153 0	
155 0	


159 0	160 0	161 0	
163 1	164 0	165 0	
167 13	168 6	172 5	170 4	173 3	39 2	171 1	56 1	174 0	175 0	176 0	177 0	


180 2	181 0	



186 0	187 0	

190 1	191 1	192 0	193 0	

196 1	197 0	195 0	
199 1	




205 14	219 3	206 2	211 1	212 1	220 1	213 0	215 0	216 0	217 0	218 0	
208 0	
210 1	

222 0	
224 0	
225 2	226 1	227 0	



232 2	231 0	233 0	234 0	
236 0	
238 4	239 0	240 0	241 0	242 0	243 0	244 0	


250 1	247 0	251 0	
249 1	



256 0	257 0	
260 5	261 5	259 2	262 1	263 1	264 1	265 0	266 0	268 0	

270 0	
272 1	
274 10	276 5	277 1	275 0	278 0	279 0	280 0	
282 0	283 0	284 0	
285 0	

287 6	288 0	289 0	


294 116	296 80	293 54	295 29	297 21	298 11	299 7	300 6	301 6	302 5	303 4	328 4	324 2	305 1	307 1	308 1	309 1	325 1	327 1	330 1	304 0	306 0	310 0	313 0	314 0	315 0	319 0	320 0	321 0	322 0	323 0	292 0	326 0	329 0	
312 16	316 3	317 1	318 1	
332 3	
334 0	335 0	336 0	337 0	338 0	

341 0	
344 1	345 0	
346 1	351 1	347 0	348 0	
350 1	

353 0	
355 1	356 0	

359 0	
362 0	

365 6	370 3	371 3	366 2	372 2	379 2	373 0	375 0	376 0	377 0	378 0	380 0	
368 4	367 3	369 3	

382 0	

385 2	

387 2	388 0	
389 0	390 0	391 0	392 0	
393 7	
395 2	396 0	
398 2	399 0	400 0	401 0	

405 4	406 2	407 0	

58 7	409 1	304 1	410 0	
411 29	412 1	
414 0	
416 1	417 0	

419 0	
420 0	421 0	
423 4	424 4	

429 2	430 1	431 0	432 0	
428 1	433 0	
435 0	

438 0	439 0	
441 2	
444 0	
445 0	
447 3	448 0	
450 0	

453 0	454 0	
456 0	
458 4	459 2	
461 3	462 3	


465 0	
468 20	469 1	

471 1	
473 0	472 0	
475 1	476 0	477 0	

480 0	481 0	482 0	483 0	
485 20	487 2	486 1	488 0	489 0	
491 0	492 0	
494 1	
496 4	497 1	498 0	201 0	499 0	500 0	504 0	505 0	509 0	
506 0	507 0	
503 3	508 2	
516 78	517 71	518 44	520 42	519 20	522 9	521 5	525 4	526 2	527 2	528 2	529 2	545 2	557 2	582 2	523 1	524 1	530 1	531 1	536 1	537 1	538 0	539 0	546 0	547 0	548 0	554 0	555 0	556 0	562 0	563 0	564 0	568 0	569 0	570 0	573 0	574 0	575 0	576 0	581 0	

512 1	513 0	514 0	515 0	
533 1	534 0	535 0	540 0	541 0	542 0	

565 7	549 1	566 1	567 1	550 0	558 0	559 0	560 0	
551 14	552 3	553 1	561 0	
572 250	577 179	578 35	579 23	580 16	583 11	585 9	589 7	590 7	584 5	591 5	592 5	593 5	558 5	594 4	559 4	596 4	599 4	603 4	595 3	597 3	598 3	600 3	602 3	604 3	588 2	601 2	609 2	605 1	606 1	607 1	608 1	610 1	611 1	612 1	613 1	614 1	615 0	616 0	617 0	618 0	619 0	620 0	621 0	622 0	623 0	624 0	625 0	626 0	
587 0	
628 0	


632 1	633 1	195 0	
635 0	
637 0	

640 2	641 1	


645 2	646 0	
648 0	





654 0	
656 10	657 2	658 2	659 1	660 1	666 1	661 0	664 0	665 0	

663 1	
668 3	669 0	670 0	671 0	


674 0	


677 52	678 38	679 13	680 7	681 3	

684 0	


687 1	
689 1	690 1	691 0	692 0	


205 3	697 0	698 0	699 0	671 0	704 0	705 0	
701 14	702 3	706 3	707 3	708 1	710 1	712 1	711 0	713 0	715 0	528 0	716 0	717 0	718 0	


714 2	
720 1	721 1	722 0	723 0	

725 0	
727 1	
728 30	729 0	730 0	
731 0	
298 5	736 3	733 2	737 2	738 2	313 1	739 1	740 0	741 0	742 0	743 0	744 0	745 0	746 0	747 0	748 0	749 0	
734 1	735 0	
751 1	
753 1	754 0	757 0	
756 0	755 0	

758 0	
760 0	761 0	
763 0	
765 0	



769 0	
771 0	





776 2	777 0	778 0	779 0	780 0	781 0	

784 1	785 0	
787 0	
789 0	
791 0	792 0	793 0	


797 0	

801 1073	800 1014	802 196	803 196	804 55	805 34	807 34	806 31	808 24	812 14	818 13	840 11	821 9	813 8	814 6	866 6	865 5	820 4	828 4	839 4	819 3	826 3	829 3	827 2	832 1	834 1	837 1	846 1	849 1	855 1	52 0	833 0	838 0	841 0	842 0	847 0	848 0	856 0	860 0	861 0	862 0	863 0	864 0	867 0	868 0	
810 46	811 16	816 3	815 1	817 1	822 0	823 0	824 0	825 0	830 0	
835 8	

843 34	844 15	850 5	852 3	851 2	853 2	857 1	858 0	859 0	

227 0	



873 0	
875 0	



879 1	880 0	881 0	

884 0	885 0	

888 0	
890 0	891 0	

893 6	895 4	894 1	896 1	897 0	898 0	899 0	900 0	901 0	892 0	902 0	903 0	904 0	
906 0	
908 0	
910 0	
912 1	913 0	

916 0	

238 0	


922 2	921 1	924 1	925 0	926 0	928 0	


930 0	
931 0	

933 1	
935 0	


939 0	940 0	
942 0	
944 0	
946 0	
948 4	949 0	
951 2	952 1	
954 0	955 0	956 0	
958 1	959 0	


963 1	964 1	965 0	


969 0	
971 0	972 0	
974 0	973 0	975 0	

978 3	
980 0	
982 4	983 0	984 0	
986 6	987 1	988 0	995 0	
990 1	996 0	
992 1	
994 0	
998 246	1009 27	1010 8	1011 5	1012 4	1021 3	1022 2	1033 2	1031 1	1032 1	272 0	975 0	1046 0	1059 0	1060 0	1061 0	1062 0	1074 0	1075 0	1076 0	1077 0	216 0	1087 0	1105 0	1106 0	1107 0	1108 0	1114 0	1115 0	1116 0	1124 0	1125 0	1126 0	1127 0	1134 0	1135 0	1136 0	1145 0	1146 0	1147 0	1154 0	
1090 9	1000 8	1001 3	1013 2	1014 1	1023 1	1048 1	1015 0	1024 0	1025 0	1026 0	1034 0	1035 0	1036 0	1037 0	1047 0	1049 0	1063 0	1064 0	1065 0	1066 0	1078 0	1079 0	1080 0	1081 0	1088 0	1089 0	1091 0	
1003 657	1016 59	1004 56	1017 47	1005 27	1027 21	1038 10	1039 8	1028 7	1040 4	1111 4	1041 3	1051 2	1052 2	1110 2	1050 1	1053 1	1067 1	1068 1	1069 1	1070 1	319 1	1129 1	1082 0	1083 0	1092 0	1093 0	1094 0	1095 0	1096 0	1109 0	1112 0	1117 0	1118 0	1119 0	1128 0	1130 0	1137 0	1138 0	1139 0	1140 0	1148 0	1149 0	1150 0	1151 0	1155 0	1156 0	1157 0	
1008 36	1007 20	1018 18	1019 11	510 7	1006 7	1020 6	1152 4	1029 2	1043 2	1141 1	1143 1	1144 1	1030 0	1042 0	1044 0	1045 0	1054 0	1055 0	1056 0	1057 0	1058 0	1071 0	1072 0	1073 0	1084 0	1085 0	1086 0	1097 0	1098 0	1099 0	1100 0	1101 0	1113 0	121 0	1120 0	1121 0	1122 0	1123 0	1131 0	1132 0	1133 0	1142 0	1153 0	
1102 2	
1104 0	
1159 0	

1163 1	1162 0	1164 0	1165 0	1168 0	
1167 1	1169 1	1170 0	
1172 6	1173 4	1174 1	1175 1	1178 0	1179 0	1180 0	1183 0	
1177 0	
1182 1	1184 1	1185 0	1186 0	
1188 3	1189 2	1190 1	1191 1	1192 1	1193 1	1194 0	

1196 0	
1197 0	
1199 7	1200 2	1202 2	1201 0	
1204 0	
1206 38	1207 15	1208 3	1209 2	1213 2	1212 1	712 1	1214 1	1215 1	1242 1	1210 0	1211 0	1216 0	1217 0	1218 0	1219 0	1220 0	1221 0	1222 0	1223 0	1224 0	1225 0	1226 0	1227 0	1228 0	1229 0	1230 0	1231 0	1232 0	1233 0	1234 0	1235 0	1236 0	1237 0	1238 0	1239 0	1240 0	1241 0	

1000 4	1245 3	1244 1	1246 1	1247 0	
1249 2	1252 1	1253 1	1250 0	1254 0	1255 0	1256 0	1257 0	1258 0	1259 0	1260 0	
1251 2	1248 0	


1263 1	
468 7	1265 0	1266 0	
1268 3	1269 1	1252 1	1270 0	1271 0	1272 0	1273 0	1274 0	1275 0	

1279 0	
1280 2	
1282 0	1281 0	



1285 12	1286 7	1287 3	1288 2	1289 2	1291 1	1292 1	1293 1	1294 0	1295 0	1296 0	1297 0	1298 0	1299 0	1300 0	1301 0	1302 0	1303 0	
1290 0	
1304 1	1305 0	

944 2	1308 1	129 1	
1310 37	1311 5	1312 2	1313 2	1314 1	1315 1	1316 1	1317 1	1318 0	1319 0	1320 0	1321 0	1322 0	1323 0	1324 0	1325 0	1326 0	1327 0	1328 0	1329 0	1330 0	1331 0	1332 0	1333 0	1334 0	1335 0	1336 0	1337 0	1340 0	1341 0	1345 0	
1338 57	1343 32	1342 7	1346 1	1347 1	
1344 0	




1351 0	
1353 13	1354 12	1355 2	1356 2	1357 1	1358 1	1359 1	523 0	1360 0	1361 0	


1367 5	1368 3	1369 2	1376 1	1377 0	238 0	1378 0	1381 0	128 0	1382 0	1383 0	1384 0	1385 0	1386 0	1387 0	

1371 1	1372 0	



1374 0	1375 0	1379 0	1380 0	



1392 0	
1393 2	1394 1	1395 0	1396 0	

1398 2	
1400 0	1401 0	
1403 1	1404 0	

1407 9	1408 2	1409 2	1410 2	1411 2	1412 0	1413 0	1415 0	1416 0	1417 0	1418 0	
1419 8	1420 4	1421 1	1422 0	1423 0	1424 0	
1427 2	1428 2	
1429 4	
1431 0	
1433 0	
1435 0	
1437 3	1438 2	
1457 1	1440 0	1441 0	1442 0	1443 0	1444 0	1445 0	1447 0	1448 0	1449 0	1450 0	1454 0	1455 0	1456 0	
1451 0	1452 0	1453 0	


1461 0	
1463 0	1464 0	1465 0	1466 0	
1467 1	1468 0	1469 0	1470 0	1471 0	


1475 0	
1476 5	1477 0	1478 0	
1480 1	1481 0	1482 0	
1484 1	

1487 0	

996 29	1490 15	1489 7	1508 4	1491 2	1496 2	1492 1	1499 1	1509 1	1510 1	1493 0	1494 0	1495 0	1497 0	1498 0	1500 0	1501 0	1502 0	1503 0	1504 0	1505 0	1506 0	1507 0	
1512 0	1513 0	
1515 0	

1517 0	1487 0	1518 0	1519 0	
1521 0	1522 0	

1525 0	
1527 37	1528 4	1529 3	1530 0	1531 0	1532 0	
1172 0	1534 0	1535 0	1536 0	
1538 1	1539 0	1540 0	
1542 0	1543 0	
1545 0	1546 0	
1548 192	1549 24	1552 22	1557 9	1554 7	1583 7	1553 5	1556 5	1551 4	1555 4	1558 4	1550 2	1559 2	1560 1	1561 1	1562 1	1563 1	1564 1	1582 1	1565 0	1566 0	1567 0	1568 0	1569 0	1570 0	1571 0	1572 0	1573 0	1574 0	1575 0	1576 0	1577 0	1578 0	1579 0	1580 0	1581 0	1584 0	1585 0	
1587 3	1588 2	1589 0	1590 0	1591 0	1592 0	1594 0	1595 0	
1593 1	

1598 2	
1599 5	1600 1	1604 1	1601 0	1603 0	1566 0	1605 0	
1602 0	
1607 0	1608 0	

1611 2	1612 0	
1614 0	
56 1	1617 1	1616 0	
1619 31	1620 11	1205 2	1621 1	1622 1	1623 0	1624 0	
1627 1	1626 0	
1629 0	1630 0	1631 0	

1567 15	1633 4	1634 4	1506 3	1636 3	1635 2	1637 2	1645 2	1608 1	1639 1	1641 1	1638 0	1640 0	1642 0	1643 0	1104 0	1644 0	1646 0	
1647 2	
1648 2	1649 0	
1651 0	
1653 2	1654 0	
1656 0	1657 0	
1659 1	1660 1	
1661 0	


1664 3	1665 0	1666 0	1667 0	1668 0	
1598 795	1593 347	1670 95	1672 58	1671 48	1440 36	1673 34	7 25	1676 18	1677 18	1680 18	1675 17	1674 14	1679 8	1695 8	1678 7	1685 7	1689 7	1683 6	1684 3	1690 3	1696 3	1697 3	1698 3	1701 3	1694 2	1699 2	1682 1	1691 1	1692 1	1702 1	1703 1	1704 1	1706 1	1700 0	1705 0	1707 0	1708 0	1709 0	1710 0	1711 0	1712 0	1713 0	1714 0	
1656 0	1655 0	1686 0	
1688 0	

1716 33	406 7	1717 6	1718 4	1719 2	1720 2	1727 2	1721 1	1722 1	1723 1	1725 1	1726 1	1728 1	1737 1	428 0	1724 0	1499 0	1731 0	1732 0	1733 0	1734 0	1735 0	1736 0	1047 0	

1730 0	554 0	
1739 0	
1741 0	1742 0	

297 1	1744 0	1745 0	1722 0	
1747 0	1748 0	1749 0	1750 0	
1438 1	1614 0	1753 0	
1754 3	1755 1	1756 1	1757 0	1044 0	
450 280	1765 14	1767 8	1760 7	1744 4	1768 2	1792 2	1766 1	1771 1	1774 1	1775 1	1776 1	1777 1	1773 0	1778 0	1779 0	1780 0	1639 0	1781 0	1782 0	1783 0	1784 0	1785 0	1786 0	1787 0	1788 0	1789 0	1790 0	1791 0	1793 0	1794 0	1795 0	1796 0	1797 0	
1761 2	1762 0	1763 0	1764 0	1769 0	
1770 0	1772 0	

1800 1	1801 0	1802 0	
1806 3	1807 3	1609 1	1808 1	1809 0	1520 0	275 0	1757 0	1047 0	1810 0	1805 0	1811 0	1812 0	
1804 1	

1815 0	1816 0	1817 0	

1437 23	1593 4	1820 4	1819 1	1821 1	1823 1	1824 1	1829 1	1211 0	1822 0	1825 0	1826 0	1827 0	1828 0	
1831 16	1832 3	1833 0	1834 0	1835 0	1836 0	1837 0	
1840 11	1440 4	1839 3	1842 2	1841 1	1843 1	1844 1	1845 1	1846 1	1847 1	1849 0	1594 0	1850 0	1851 0	1852 0	1853 0	1854 0	1855 0	1857 0	1858 0	1859 0	1860 0	1862 0	1863 0	1864 0	1867 0	1868 0	1869 0	
1848 0	
89 0	1861 0	
1759 6	1866 5	1870 1	1582 1	1871 0	1872 0	1757 0	1875 0	1876 0	1878 0	1879 0	1752 0	1880 0	
1874 1	1877 0	
1882 0	

297 0	
1438 14	1886 4	1887 0	1888 0	
1890 1	
1767 0	
1893 2	1900 2	174 1	1894 0	1895 0	1896 0	1757 0	1036 0	1897 0	1899 0	
1754 0	
1902 0	
1881 0	
1905 47	1908 29	468 27	1904 21	1907 21	1911 10	1913 7	1609 6	1914 5	368 4	1916 4	1906 3	1912 3	1917 3	1918 1	1921 1	1923 1	1929 1	1919 0	1920 0	1922 0	1924 0	1925 0	1926 0	1927 0	1928 0	
1910 2	1915 0	

1890 0	1931 0	1932 0	

1935 2	1934 0	
1752 0	1937 0	

1939 0	
1941 0	
1942 2	1943 0	1944 0	1945 0	1946 0	1947 0	1948 0	
1949 0	
1950 0	
1952 4	1953 1	1656 0	1954 0	



1629 21	1957 9	1000 2	1958 2	1962 1	1959 0	1960 0	1961 0	

1964 0	
1964 0	
1967 2	
1969 1	

1971 0	1972 0	1973 0	1974 0	
1977 1	1975 0	1978 0	
1979 0	
1752 0	
1656 0	1981 0	
1983 0	1984 0	1985 0	
1987 0	

1990 11	1991 0	1992 0	1993 0	1994 0	1995 0	1998 0	
1997 0	

2000 0	2001 0	2002 0	2003 0	
297 1	1647 0	
1718 0	
2007 4	450 3	2008 1	2009 0	2010 0	2011 0	2012 0	297 0	2013 0	1687 0	
2015 0	2016 0	

2018 0	2019 0	
2020 0	
2022 0	1955 0	1752 0	2023 0	2024 0	
2026 0	2027 0	2028 0	
2030 0	
1435 42	
1812 0	
2034 0	2035 0	
2036 1	546 0	
2038 0	2037 0	2039 0	
1935 0	2041 0	

1656 0	2044 0	
2047 1	2046 0	
2049 0	2050 0	2051 0	
1007 6	1985 3	2059 2	2052 1	2054 1	2056 1	2058 1	2067 1	2053 0	2055 0	2057 0	52 0	2060 0	2061 0	1981 0	2062 0	2063 0	2064 0	2065 0	2066 0	1983 0	1732 0	

2070 0	2069 0	

2072 2	2071 1	2073 0	
1599 7	2078 4	2079 3	1757 2	137 2	2074 1	2083 0	2085 0	2087 0	
2076 1	2080 0	
2081 4	2082 3	2077 2	
1629 7	2084 0	
2091 21	2095 19	2090 14	2096 2	568 0	2098 0	2099 0	2100 0	1890 0	

2093 0	2097 0	
2094 0	
2103 2	2102 1	
2105 0	2106 0	2107 0	2108 0	
2110 0	
2112 0	2113 0	



1995 0	
2119 93	2120 38	2121 23	1007 8	2124 7	1871 5	2126 4	2123 3	2122 2	2127 2	2128 2	2129 2	519 1	2131 1	2125 0	2130 0	2132 0	2133 0	2134 0	2137 0	2138 0	2139 0	2143 0	2144 0	2145 0	2151 0	2152 0	2153 0	2154 0	
2136 31	2140 2	1886 1	2141 1	2146 1	2142 0	2147 0	2148 0	2149 0	2155 0	2156 0	2157 0	2158 0	
1717 0	
1656 0	
2160 1	2161 0	2162 0	2163 0	2164 0	

1047 0	
2167 3	2168 1	2169 0	
2171 0	

1755 1	2174 0	
2175 3	2176 3	2177 2	2178 0	2179 0	2180 0	2181 0	2182 0	2183 0	

2184 0	2185 0	2186 0	
2188 1	2189 0	

2192 0	2193 0	
2195 10	2196 0	
1572 0	
2198 0	
2200 2	2201 0	
2203 122	1629 23	2204 13	2205 13	2214 6	2206 4	2208 4	2207 1	2209 1	2210 1	2211 0	2212 0	2213 0	121 0	
1656 0	


2216 1	2217 0	
2219 0	2220 0	
2221 0	2222 0	1952 0	
2223 0	2224 0	
2226 0	
2228 0	
2230 0	2231 0	2232 0	2233 0	2234 0	
2236 32	2239 3	2238 2	2237 1	2240 1	2244 1	2241 0	2242 0	2243 0	2245 0	2246 0	2247 0	
2227 0	2249 0	
2251 1	1609 0	2252 0	1808 0	2253 0	2254 0	2255 0	
2257 1	2256 0	
2258 0	2259 0	

2261 0	2262 0	2263 0	

2011 1	2266 0	2267 0	2268 0	2269 0	2270 0	
2271 4	2272 2	2275 1	2276 1	2273 0	2274 0	1836 0	2277 0	2278 0	2279 0	2280 0	2281 0	

1629 4	1567 3	1407 1	2282 0	2283 0	2284 0	2285 0	
2287 0	2288 0	
2290 1	2222 0	2291 0	
1013 0	2292 0	2293 0	

2296 0	

2298 1	2300 1	2299 0	2045 0	
2302 0	2301 0	2303 0	

2307 1	2308 1	2306 0	2309 0	2310 0	2311 0	2312 0	
2232 2	1639 0	
2314 3	2315 0	
2317 3	2318 0	

2321 5	2322 1	2324 1	2323 0	
2326 2	468 2	
938 0	2327 0	

2329 4	1757 0	1520 0	1639 0	2330 0	2331 0	2332 0	2287 0	2333 0	2334 0	
2335 23	1429 18	1598 17	
2336 0	
2337 0	
2339 0	
2341 0	2342 0	2343 0	
2345 0	
566 7	2347 1	1629 1	2348 0	2349 0	2350 0	2351 0	2352 0	2353 0	
2354 13	2355 3	2356 1	2357 0	2358 0	
2360 0	2361 0	2362 0	
2369 2	2363 1	2019 1	1000 0	2364 0	2365 0	2366 0	2367 0	
2370 2	2371 1	1000 0	2372 0	2373 0	
1759 2	2375 1	
2376 1	1764 0	2377 0	
2359 4	1598 1	2379 0	2380 0	2381 0	
2383 6	2384 1	


2078 1	
2388 0	2035 0	
2390 0	2391 0	

1598 3	
2395 0	



1639 0	
2399 45	2400 10	2215 8	2403 5	2404 3	2405 3	1679 2	2406 2	1000 1	2407 1	2409 1	2401 0	2408 0	1797 0	2410 0	2411 0	2412 0	2413 0	2415 0	2416 0	
2078 2	

2418 0	2419 0	2420 0	2421 0	2422 0	2423 0	2424 0	741 0	2425 0	2426 0	


1470 0	


2431 1	2432 1	2433 1	2434 1	
2435 0	
2436 0	

2439 32	2440 0	
2441 0	
1598 2	1757 0	2443 0	2444 0	2445 0	2446 0	2447 0	2448 0	
1588 1	428 1	
1889 2	2052 1	2450 0	2451 0	2055 0	
2453 0	
1588 4	

1588 3	1440 1	428 1	2455 0	2456 0	2457 0	2458 0	2459 0	2460 0	2461 0	
1952 0	2462 0	
2464 2	1494 1	



2468 0	2469 0	
2471 2	1736 0	2472 0	2473 0	2474 0	

2477 1	2468 0	
1639 0	1757 0	

2481 7	2482 0	
2483 33	1629 7	1609 3	1807 1	2484 1	56 1	2485 1	2486 1	2489 1	2372 0	2473 0	2487 0	2488 0	2490 0	2491 0	2492 0	
2494 86	2496 12	2495 4	2497 2	2498 1	2499 1	
2501 2	1499 2	2502 0	2503 0	

1435 0	
2505 0	
2507 0	2508 0	
2509 2	1047 0	2140 0	

981 10	2510 2	2287 0	
2255 1	1656 0	1566 0	2512 0	2513 0	2109 0	2514 0	


2509 8	2518 2	1598 2	2524 2	2519 1	2520 1	1757 1	2522 1	1952 1	2517 1	1616 1	2526 1	2527 1	2521 0	2287 0	2523 0	2525 0	1047 0	2528 0	2529 0	2473 0	1584 0	2530 0	2531 0	2222 0	2533 0	2534 0	2535 0	2478 0	1681 0	2538 0	1482 0	2539 0	2540 0	2541 0	2542 0	2543 0	
2532 0	2536 0	2537 0	


2140 2	2520 0	2026 0	2546 0	2547 0	2548 0	2549 0	2550 0	
2552 1	2553 0	
2555 3	2556 0	126 0	2557 0	2558 0	2559 0	
1542 0	

2562 1	2509 1	1807 0	2563 0	2564 0	2565 0	

2568 0	
2007 80	2570 39	2573 19	1884 13	2572 10	2578 3	2580 3	2576 2	2582 2	993 1	2577 1	2579 1	2583 1	2591 1	2594 1	2595 1	2574 0	2581 0	1014 0	611 0	2584 0	2585 0	2586 0	2587 0	2588 0	2589 0	2590 0	2592 0	2593 0	1803 0	2596 0	
2575 0	
2509 3	1582 0	
2598 1	2599 1	1572 0	2600 0	2601 0	2604 0	
2602 1	2605 0	2606 0	

2608 10	2609 2	2610 0	2611 0	2612 0	2613 0	

2615 3	423 0	2410 0	2616 0	2619 0	2620 0	
2617 3	1589 0	2618 0	2621 0	2622 0	
2624 0	2625 0	2626 0	
2628 0	
2633 13	2630 8	2631 7	2632 4	2635 3	1182 3	2637 2	2640 2	2641 2	2079 1	2634 1	2636 1	2012 1	2642 1	2638 0	2639 0	1639 0	2385 0	2643 0	
1608 0	
2509 1	

1598 4	2644 4	2645 0	2646 0	

2649 5	2651 2	2650 1	2652 0	
2654 3	2509 1	1943 1	2655 1	2653 0	2489 0	2656 0	
2658 11	2659 4	2660 1	2452 0	2661 0	2662 0	2607 0	
2664 0	
2666 0	

2668 2	
2669 0	
2671 14	2593 1	

2593 5	2673 2	2674 0	

2677 0	2678 0	2679 0	
2681 1	2682 0	2683 0	

2375 4	2686 0	

2688 9	2691 4	1000 3	2689 2	2692 2	2722 2	2261 1	2690 1	2694 1	2695 1	2696 1	2697 1	2698 1	2714 1	2731 1	1007 0	2693 0	1042 0	2700 0	2701 0	2610 0	2703 0	2704 0	2372 0	2706 0	2707 0	2708 0	1939 0	2710 0	2711 0	2712 0	2713 0	2715 0	2716 0	2717 0	2718 0	2204 0	2719 0	2720 0	2721 0	2723 0	2724 0	2725 0	2726 0	2727 0	2728 0	2729 0	2663 0	2730 0	2507 0	

2705 1	2702 0	

2732 0	
1551 0	
2734 13	2735 3	2736 3	2737 1	2740 1	2738 0	2739 0	
2742 0	
2743 11	2744 1	1975 0	2745 0	2746 0	2275 0	2747 0	

2748 2	2749 0	2750 0	2751 0	324 0	
2752 2	2753 1	2754 0	
2755 0	2756 0	
2758 1	2759 0	2760 0	

2761 1	2762 0	2763 0	
2709 0	2764 0	
2766 0	2767 0	

2769 1	297 0	
1598 0	2462 0	
2771 0	

1639 0	1047 0	
2773 30	2774 11	2775 11	2776 9	2755 5	2787 5	2777 4	2778 4	2780 4	2785 3	2786 3	2783 2	2788 2	2779 1	2781 1	2782 1	2784 1	2709 1	2789 1	2790 1	2791 1	2792 1	2793 1	2794 1	2795 1	2796 1	2797 1	2798 1	2799 1	2811 1	2800 0	2802 0	2803 0	2804 0	2805 0	2806 0	2807 0	2808 0	2809 0	2810 0	2812 0	2813 0	2814 0	2815 0	2816 0	2817 0	2818 0	2819 0	2820 0	

2822 2	2823 2	2824 1	2821 0	1616 0	
2826 0	
1565 0	2827 0	1996 0	
56 8	1639 0	2829 0	2022 0	2052 0	2313 0	2832 0	
1047 0	2667 0	2831 0	
1583 9	2237 0	
2833 75	
2835 35	2834 28	982 8	2836 0	2837 0	2838 0	2839 0	
2841 0	
1548 22	2829 5	2842 1	2843 0	

2845 1	
56 18	2752 4	2846 3	2848 2	2847 1	1890 1	1656 1	2853 1	2849 0	2850 0	2851 0	2852 0	297 0	
452 27	1464 16	1878 13	2855 9	2755 5	2857 4	1617 3	2856 3	2042 3	2859 2	550 1	174 1	2865 1	2866 1	2110 1	1973 1	2868 1	2881 1	2858 0	2837 0	1692 0	2861 0	519 0	2863 0	2862 0	2864 0	1959 0	2869 0	2873 0	538 0	1996 0	2770 0	2875 0	2876 0	2877 0	2878 0	2879 0	2880 0	2882 0	2883 0	2884 0	2885 0	2886 0	1545 0	2513 0	2887 0	2888 0	1640 0	2889 0	
2862 0	
2507 0	2870 0	2867 0	
2207 0	1047 0	2653 0	
2872 1	

2890 0	2891 0	
2893 0	2894 0	
2895 0	2896 0	
510 3	2898 1	1996 1	2755 1	1490 0	2899 0	2900 0	2901 0	2902 0	
1669 11	2904 9	2446 5	2924 3	2905 2	2906 2	2908 2	2911 1	2912 1	2909 0	1870 0	2913 0	2917 0	2918 0	2919 0	2920 0	2921 0	2922 0	2923 0	

1716 6	2223 6	2910 4	2915 2	2914 1	2916 0	
2925 4	2926 0	2927 0	
1437 8	2932 1	2928 0	56 0	2931 0	
2930 0	
2934 5	
2936 0	
2938 0	
2907 0	2939 0	
2941 4	1543 2	2942 1	
2943 16	2944 6	1975 1	2945 1	2948 1	2950 1	2146 1	2441 1	2373 0	2946 0	2949 0	2951 0	2954 0	2955 0	1019 0	2487 0	2956 0	2957 0	2958 0	1636 0	
1583 7	2947 3	1682 2	2952 0	2953 0	
2960 0	
2962 2	2930 0	2963 0	2965 0	

2966 0	
1656 0	
1995 5	2969 1	
1996 0	2971 0	

2973 2	1639 0	2975 0	
2078 21	2974 12	2978 5	2977 4	2976 3	2979 1	2980 0	2981 0	2982 0	2983 0	2984 0	2985 0	
2986 8	2988 1	2987 0	
2990 3	2991 2	297 1	2993 1	2992 0	

1639 0	
2752 2	

2550 0	

2562 0	1047 0	2150 0	
1757 32	2999 10	3000 2	3001 2	3002 1	3003 1	3004 1	3006 1	3012 1	56 0	1682 0	3005 0	2907 0	1582 0	3007 0	3008 0	3009 0	3010 0	3011 0	265 0	3013 0	3014 0	3015 0	3016 0	3017 0	3018 0	3019 0	3020 0	2975 0	3021 0	



3024 6	3026 0	3027 0	3028 0	
3025 0	3029 0	
1572 0	3030 0	
2007 1	1582 0	
3033 0	
3034 0	3035 0	
3036 1	2373 0	
1047 2	3038 2	3037 0	3039 0	3040 0	3041 0	
1656 2	170 0	
1000 2	2078 1	
2109 2	3045 2	3044 0	3046 0	3047 0	3048 0	
3049 0	3050 0	3051 0	

3055 6	3053 5	3056 1	3054 0	1757 0	3057 0	3058 0	3059 0	3060 0	3061 0	3062 0	317 0	3063 0	

115 0	


3066 0	
3068 0	
3069 2	1835 0	3070 0	3071 0	
1013 0	2399 0	
3074 0	

1995 0	3076 0	
2752 16	2300 2	3077 2	2563 1	3078 1	
3079 1	3080 1	3081 0	3082 0	3090 0	
3083 1	3091 0	3092 0	
3085 0	
3087 3	3093 0	3094 0	
3025 0	
3095 2	3096 0	3097 0	
2939 1	
3099 0	2150 0	

3103 9	3104 2	3105 2	3111 1	3106 0	3112 0	3113 0	
3107 1	3108 1	3109 0	3110 0	3114 0	
1757 1	3115 1	
3116 72	3117 2	3118 2	3119 1	3120 1	3121 0	3122 0	3123 0	1565 0	3124 0	
1757 0	423 0	3126 0	
3128 1	3129 0	
3131 1	

3132 0	
3134 0	
3136 1	3068 0	
3138 25	3083 0	
3139 3	3140 0	

3143 0	3142 0	
733 6	1759 4	3144 2	3145 1	3146 1	3147 0	3150 0	3151 0	3152 0	
3149 5	801 3	
3154 3	3155 0	3156 0	
3158 1	3159 0	1964 0	
3160 0	

3162 3	3164 1	3163 0	3165 0	3166 0	1512 0	3167 0	3168 0	
1995 0	3169 0	
3171 0	
3172 1	3173 1	1490 0	3174 0	
2550 0	
3177 12	3178 3	
2387 0	
993 3	1759 1	3179 0	3180 0	
3181 0	
3183 0	

3186 10	
2549 0	3187 0	3188 0	3189 0	3190 0	3191 0	
3193 0	3194 0	3195 0	
3196 2	2059 0	2675 0	

3199 0	3200 0	
3202 0	3205 0	
3204 0	
3025 0	


3208 0	
3209 3	3210 2	2523 2	2326 0	3187 0	3211 0	3212 0	

1757 1	3215 1	3216 1	
3218 32	2609 14	3219 5	3222 4	3221 2	3224 2	297 1	3220 1	3223 1	3227 1	3225 0	3226 0	1825 0	3228 0	3229 0	
3231 28	3232 20	2224 5	3234 4	2474 3	3233 3	3235 3	3236 1	3237 1	3238 1	2545 1	2973 0	1490 0	3240 0	1604 0	1797 0	3241 0	2444 0	3242 0	3243 0	3244 0	3245 0	3246 0	3247 0	3248 0	3249 0	3250 0	3251 0	3252 0	3253 0	
1995 1	

3255 0	
3256 3	3257 2	3124 0	
2836 6	3259 3	3260 1	3261 1	3262 1	3263 0	3264 0	3265 0	3124 0	2109 0	3266 0	3267 0	3268 0	3269 0	3270 0	3271 0	3272 0	3273 0	3275 0	3276 0	3277 0	3278 0	3280 0	3281 0	3282 0	3283 0	1954 0	3284 0	2508 0	
3274 0	3279 0	
2509 1	3286 0	3285 0	
2317 3	
3289 15	3290 1	3291 1	3292 1	3293 0	3294 0	3295 0	


801 73	3297 72	1598 8	3298 7	993 6	3300 5	3301 3	3302 2	3304 2	3305 1	1520 1	2188 1	301 1	3306 1	1565 0	1460 0	3307 0	2290 0	2488 0	1890 0	3308 0	2191 0	3310 0	3311 0	3312 0	2563 0	3316 0	3317 0	3318 0	3321 0	496 0	3322 0	3323 0	272 0	3324 0	
3299 0	

1767 0	

3315 1	3319 1	3116 0	3314 0	3320 0	1931 0	
3326 0	3327 0	
3204 0	490 0	3329 0	

3325 1	1995 0	1047 0	3332 0	3333 0	3331 0	1753 0	

3335 1	3336 1	3339 1	3337 0	3338 0	3340 0	3341 0	3342 0	3343 0	3344 0	
1656 1	3346 1	3347 0	3345 0	
3291 0	3349 0	
2255 7	3351 5	3352 2	2752 1	3230 1	3353 1	1211 0	3354 0	1793 0	3355 0	3356 0	3357 0	3358 0	3359 0	3360 0	3361 0	3362 0	3363 0	
1656 0	
3364 1	

2238 6	3369 3	3266 2	3367 1	2653 1	3368 0	

3371 1	3372 0	3373 0	1617 0	3038 0	3374 0	
1656 0	3376 0	
3377 0	
3378 0	3379 0	3380 0	

3382 0	564 0	1973 0	
56 3	3384 1	3385 0	3386 0	
3388 1	

3390 1	
2939 5	71 1	3392 1	1971 1	2273 0	3230 0	3395 0	3396 0	3256 0	2248 0	3397 0	1973 0	
3394 0	
3339 1	3398 0	3399 0	3315 0	
3400 0	1973 0	
1971 2	3314 1	3230 1	3392 0	3073 0	3315 0	
3401 5	
3404 11	3403 10	3405 0	3406 0	



3390 0	
3409 3	3410 0	

3413 0	1042 0	3414 0	3415 0	3416 0	
3418 9	2509 1	3419 1	3390 0	3420 0	3421 0	3422 0	


3424 2	3425 2	3426 0	
3428 1	
3429 2	3114 2	3424 1	3430 0	1582 0	3431 0	
3402 0	
3433 0	2681 0	
3435 1	
1999 1	

3438 30	3439 12	3440 5	3453 3	3441 1	3442 1	3443 1	3447 1	3444 0	3445 0	3448 0	3449 0	3450 0	
2189 8	1598 2	56 1	2275 1	3451 1	3452 1	2287 1	3446 0	

3288 1	3199 0	3230 0	1931 0	2474 0	
3456 1	1886 0	2022 0	2021 0	1955 0	3457 0	

1593 2	3460 0	2222 0	1490 0	
3461 5	3462 0	3463 0	3464 0	3465 0	3466 0	3467 0	3468 0	3469 0	3470 0	3471 0	3472 0	3473 0	3474 0	
2189 2	3476 0	3477 0	
3479 0	
3481 1	2077 0	
2222 0	
3483 0	
1598 3	3484 2	2233 1	2372 1	1629 0	3485 0	1875 0	2015 0	3488 0	3489 0	3496 0	2054 0	3497 0	3498 0	2653 0	3499 0	2287 0	
3490 1	3491 0	3492 0	3493 0	
2570 12	3494 1	3495 0	
1967 0	
71 0	

3501 0	

3504 2	3505 1	3506 0	

3514 4	2176 2	293 1	3507 1	3508 0	3509 0	3510 0	3511 0	3512 0	3513 0	
2018 0	3516 0	
3518 6	
3520 0	
3521 3	2158 0	3522 0	1832 0	1757 0	3523 0	3524 0	3525 0	3526 0	3527 0	
2492 5	3461 2	1674 2	1757 0	3528 0	
1629 7	3530 3	3531 2	3532 1	
3533 0	3534 0	3535 0	1628 0	
3325 87	3539 16	3537 9	1567 9	1491 9	3538 8	3540 6	3544 6	3541 4	3182 4	3542 2	3543 2	528 2	1047 1	3546 1	3547 1	3558 1	3545 0	3548 0	3359 0	3551 0	3552 0	3553 0	3554 0	3559 0	3560 0	3561 0	3562 0	3563 0	3564 0	3565 0	823 0	3566 0	3567 0	3568 0	3569 0	3570 0	3571 0	3572 0	3573 0	3574 0	3575 0	3576 0	3577 0	3578 0	3581 0	
2011 0	1757 0	3550 0	3555 0	3556 0	3557 0	
3580 1	3582 0	
3583 0	3550 0	

2570 19	2572 9	3585 2	3586 2	1996 2	3594 1	3587 0	1640 0	3588 0	3589 0	3590 0	2254 0	3591 0	3316 0	3592 0	1458 0	3593 0	


3595 0	
1757 1	3596 0	2109 0	3597 0	3598 0	3599 0	
1520 0	

56 18	3602 10	1767 5	3537 1	3614 1	3603 0	3604 0	3605 0	3607 0	3263 0	1565 0	3609 0	3610 0	3611 0	3612 0	3613 0	3615 0	3616 0	
2399 0	3608 0	
1967 2	



3040 0	
3619 2	3620 1	
3621 1	
3623 2	3624 2	
1967 17	
2375 49	3626 48	3625 36	2976 24	1669 8	3627 6	3628 3	3629 2	3630 2	3632 2	1656 2	3660 2	3631 1	3636 0	2616 0	3637 0	3638 0	3643 0	3644 0	3645 0	3646 0	3649 0	3650 0	3651 0	3652 0	3653 0	3654 0	3655 0	3656 0	3657 0	1825 0	3659 0	
3634 15	3635 9	3639 4	3640 1	3641 1	3642 1	3647 1	3648 0	
3661 1	896 0	3662 0	3663 0	3664 0	1656 0	
3666 40	3667 2	3668 0	
2509 7	
3669 22	1598 3	3670 2	3671 1	1757 0	2371 0	1809 0	3176 0	3672 0	3673 0	3674 0	3675 0	3676 0	
3678 10	2971 6	1995 1	3679 1	3621 0	3680 0	

3683 2	
3684 0	
1973 0	


56 4	


2016 10	3690 3	3691 3	3689 2	3681 2	3211 1	3200 1	3457 1	3694 1	3692 0	3693 0	1801 0	3695 0	
2570 71	3696 51	3697 22	3698 10	3699 7	3700 5	3701 4	3702 4	2607 3	2371 2	3703 2	3719 2	2274 2	3705 1	1757 1	584 1	3704 0	3708 0	1825 0	3709 0	3710 0	3711 0	2254 0	3712 0	3457 0	3713 0	3714 0	3361 0	3715 0	3716 0	3717 0	3718 0	
3707 0	

3721 0	
3722 0	
1852 0	
1598 3	2371 3	1757 2	3725 2	2924 1	3724 0	3726 0	3727 0	3728 0	
3367 1	938 1	
3730 0	3482 0	3731 0	3732 0	
3734 4	3735 1	3736 0	3737 0	
3738 0	

3116 1	1494 1	1724 0	3740 0	3741 0	3176 0	3742 0	3743 0	3744 0	



3748 3	2274 0	3176 0	2015 0	3749 0	3751 0	3752 0	3755 0	3756 0	2959 0	

3754 0	3757 0	3758 0	

3761 1	3760 0	3762 0	3763 0	
3706 0	1995 0	
3764 1	

3372 0	3765 0	3766 0	
1435 0	


2026 0	3770 0	3771 0	
2492 2	1757 0	3772 0	3773 0	
3774 2	3775 0	3776 0	

3781 3	3779 2	3780 1	3782 1	3783 1	488 0	2954 0	3784 0	2876 0	3785 0	3786 0	2398 0	3787 0	3788 0	3789 0	3790 0	2198 0	3791 0	3792 0	3793 0	3794 0	3795 0	3796 0	3797 0	3778 0	3798 0	3799 0	1603 0	
1656 0	


1609 41	3138 13	205 10	3517 4	3801 3	3802 0	
3803 1	3804 1	3805 0	3806 0	3807 0	3808 0	3809 0	3810 0	3811 0	3812 0	3813 0	
37 50	3815 38	3814 29	3817 5	3820 3	3745 3	3816 2	2340 2	3821 2	3823 1	3825 1	3828 1	3830 1	3842 1	3824 0	2238 0	3827 0	588 0	3831 0	3832 0	3835 0	3836 0	3837 0	3838 0	1499 0	3841 0	3843 0	3847 0	3848 0	3849 0	3850 0	3851 0	3852 0	3853 0	3854 0	3855 0	3856 0	3858 0	3859 0	3860 0	3245 0	3861 0	3862 0	3863 0	3865 0	3866 0	3867 0	3868 0	3869 0	3870 0	
3819 0	3112 0	3822 0	
3263 0	3826 0	3829 0	

1037 4	1000 2	3839 0	3840 0	3844 0	3845 0	3846 0	

3864 0	

1759 2	3627 1	3872 1	3745 0	3517 0	3874 0	3875 0	
1598 1	3876 0	3877 0	3726 0	
1598 99	3879 33	1211 7	3881 2	3821 2	2340 2	3880 1	3882 0	
3883 0	
1967 6	



3888 1	
1598 0	
3890 0	
3891 0	
3892 53	3227 18	3893 7	3905 6	3904 3	3894 2	1609 2	3900 2	3911 2	3895 1	3910 1	1562 1	3896 0	3897 0	3898 0	3899 0	2954 0	3901 0	3902 0	3906 0	
3907 1	3908 0	3909 0	
1609 6	3919 6	3912 1	3913 0	3914 0	3916 0	3917 0	3918 0	

3754 0	3920 0	
2198 1	297 0	3922 0	
3924 0	3754 0	
3926 0	3927 0	3928 0	

1967 12	3230 3	3931 2	1013 1	3627 1	3933 1	2860 1	3930 0	3932 0	3934 0	2474 0	3935 0	2446 0	1241 0	3936 0	1970 0	2439 0	

3937 2	2583 1	3938 0	3939 0	
3941 0	3942 0	

3944 0	3945 0	3946 0	3947 0	
3949 0	
1757 1	2022 0	
3951 0	3952 0	3953 0	3778 0	3954 0	3955 0	2470 0	3957 0	2021 0	
1955 0	2851 0	3958 0	

3133 1	
3961 0	
3959 0	3878 0	3962 0	3891 0	
3963 11	3964 3	3965 2	3966 1	3967 1	297 0	3299 0	3968 0	3969 0	3970 0	3971 0	3972 0	3973 0	3974 0	
3976 0	
3978 0	

3959 0	1757 0	
3979 0	
3980 0	3981 0	3982 0	
3754 0	3984 0	
3986 0	3987 0	
1806 5	3988 1	3989 1	3778 0	3757 0	3990 0	
3991 0	
3621 0	3992 0	
1868 0	
3133 1	3994 1	2954 0	3328 0	3995 0	
3784 0	1973 0	
3997 2	3996 1	3998 0	3999 0	4000 0	4001 0	4002 0	4003 0	
2520 1	3358 0	4004 0	4005 0	4006 0	
4008 0	



4011 5	4012 0	4013 0	4014 0	4015 0	

4017 0	
2389 0	

4021 0	



1906 4	
1598 3	2026 0	4026 0	4027 0	
4029 0	
4031 1	4032 0	

4033 18	4034 0	4035 0	
3524 3	4039 1	4037 0	4038 0	
452 3	4040 1	2657 0	4041 0	4042 0	
4044 0	

4047 0	
4048 0	
4049 0	4050 0	

4052 3	1814 1	4053 1	1817 1	2975 0	4054 0	
4056 1	

2078 52	1767 22	1807 17	4061 10	4059 8	4058 7	4060 5	3477 1	3537 1	3210 1	71 1	2248 1	4070 1	1608 0	2918 0	2653 0	2290 0	4062 0	3900 0	4063 0	4064 0	4065 0	4066 0	3711 0	4067 0	4068 0	4069 0	1639 0	4071 0	3726 0	4072 0	4073 0	1658 0	4074 0	4075 0	4076 0	4077 0	
4078 0	3621 0	

4081 2	4082 0	4083 0	
2140 0	4084 0	4085 0	4086 0	





4089 3	3839 3	2027 2	4091 2	71 1	4090 0	4092 0	4093 0	4094 0	4095 0	
4097 0	4098 0	
4100 0	
4101 4	4102 2	4103 0	4104 0	
3400 0	1973 0	3685 0	
4005 75	1566 35	7 15	4105 8	910 7	4111 7	4108 6	4112 6	4107 4	2383 4	3807 3	4109 2	1208 2	4118 2	4122 2	1878 2	4113 1	4121 1	4125 1	2070 1	4127 1	4128 1	523 0	4115 0	4116 0	4117 0	4119 0	4120 0	4123 0	1890 0	4124 0	3420 0	2525 0	4126 0	1639 0	4129 0	2745 0	2545 0	4130 0	2444 0	4131 0	1659 0	1613 0	4132 0	4133 0	4134 0	4135 0	4136 0	

4110 0	4114 0	

1598 28	1435 9	4137 1	4138 0	
231 0	
4139 0	
2379 0	
1435 172	566 102	4140 42	2335 39	4141 26	3139 7	4142 1	
2749 2	4144 0	

727 0	
3210 1	4147 0	4148 0	4149 0	
4150 1	4151 0	
2507 2	4153 0	
3438 163	4156 70	4155 64	2255 29	4158 24	4159 24	4157 19	4161 17	56 6	3357 4	4160 4	1807 4	4165 4	4164 3	3920 3	4162 1	4163 1	1036 1	4167 1	2586 1	4168 1	4169 1	4170 1	4171 1	4182 1	4183 1	4166 0	4172 0	4173 0	4174 0	4175 0	4176 0	4177 0	4178 0	4179 0	2204 0	4180 0	4181 0	

1588 3	988 0	
2293 2	3804 2	4185 1	4188 1	3210 0	1025 0	4187 0	3054 0	4189 0	4190 0	

3210 0	4148 0	

1629 0	4078 0	3960 0	
1967 18	
4194 12	4195 1	4196 0	4197 0	
1609 4	1249 1	3894 0	4199 0	4200 0	
1767 7	9 3	1609 2	2195 1	4201 1	4202 1	1807 0	1516 0	3522 0	4205 0	4206 0	4209 0	4210 0	4211 0	4212 0	4216 0	4217 0	
2671 3	3959 2	4204 1	3809 0	4207 0	2140 0	4208 0	4143 0	4213 0	4214 0	3256 0	4215 0	4218 0	4219 0	4062 0	

4221 2	4222 2	2140 0	

1819 0	
2379 1	4225 1	
4227 0	
4229 1	
4231 0	4232 0	4233 0	
4235 0	3679 0	4236 0	4237 0	1629 0	4238 0	
56 4	4239 2	4070 0	4223 0	1805 0	3170 0	4240 0	
993 16	4242 9	56 3	4244 2	4245 2	2973 2	4243 1	4251 1	2313 0	4246 0	2643 0	4247 0	4248 0	4249 0	4250 0	
4252 0	
4105 1	3077 1	4259 1	1494 0	4255 0	4256 0	3778 0	4258 0	
4257 2	1629 1	

4260 1	1487 0	4261 0	
4262 2	1252 2	4263 1	2559 1	4203 0	2607 0	4264 0	4265 0	4266 0	4267 0	4268 0	4269 0	4270 0	4271 0	4272 0	4273 0	4274 0	4275 0	4276 0	
4278 1	
3453 2	4279 0	
3658 7	428 0	4280 0	3778 0	3182 0	3170 0	4282 0	
2120 4	3745 1	3878 0	2191 0	
4283 0	

1807 16	4287 9	2354 7	2509 6	1669 5	398 5	2078 5	4286 4	1957 3	4288 3	2085 2	1493 1	4289 0	2139 0	4290 0	4291 0	4292 0	
4294 1	4295 0	


3446 2	4297 2	4298 1	4299 0	4300 0	
4302 2	
4147 0	
2988 0	697 0	4143 0	1973 0	
1499 0	4305 0	
4306 0	
1616 24	4308 6	4309 4	4310 4	3002 3	4312 3	1480 2	4329 2	2653 1	4315 1	4311 0	1718 0	4313 0	4314 0	2918 0	4316 0	4317 0	4318 0	4319 0	4320 0	4321 0	4322 0	4323 0	4324 0	4325 0	4326 0	4327 0	4328 0	2144 0	

45 6	2078 1	56 1	4331 0	

1425 3	4335 2	4337 2	4334 1	4336 1	241 0	4338 0	
4340 2	4341 0	
4342 0	
4344 0	4345 0	

1886 0	4347 0	

4349 0	
4351 2	4352 0	
3053 0	
1682 4	4353 1	4355 1	4354 0	
3913 1	

2140 1	4356 0	1521 0	4357 0	
4147 0	
4358 0	4359 0	
4361 10	4369 2	2552 1	4362 1	4363 0	3962 0	4364 0	4365 0	3226 0	4366 0	4367 0	4368 0	1808 0	

3200 0	2688 0	
4373 0	

3036 5	3291 2	896 1	3356 1	4374 1	4375 1	2132 0	1692 0	2895 0	4372 0	3170 0	2466 0	2021 0	4377 0	3423 0	4378 0	4379 0	4380 0	4381 0	4382 0	
1598 1	4376 0	
4384 1	
1952 0	4386 0	
4388 0	

4391 2	2507 1	4392 1	4393 0	4390 0	
4395 1	4396 0	
3948 111	4398 67	4125 9	2924 7	297 5	1224 2	4399 2	4400 1	4401 1	4402 1	4405 1	4406 1	4407 1	4408 1	4409 0	4410 0	4411 0	4412 0	4413 0	4414 0	4415 0	4416 0	
4404 0	
4418 0	
1598 0	4420 0	
4203 6	4422 0	4423 0	4424 0	4425 0	4426 0	4427 0	

1019 2	1639 2	3116 1	4428 1	4429 0	4430 0	
4432 2	4433 0	4434 0	
4436 0	
4438 2	4439 0	
4441 1	4440 0	4442 0	4443 0	1736 0	
3036 0	4125 0	4444 0	2704 0	
523 3	4446 1	4448 1	4447 0	4449 0	3230 0	4451 0	4452 0	
2140 0	
4454 30	4455 7	1629 6	1639 3	2363 2	3962 2	2398 2	1830 1	4456 1	4457 1	2222 1	4458 0	4459 0	83 0	2490 0	
2007 0	2011 0	
4462 0	
3325 2	
2215 1	
4464 1	
2505 0	
2427 4	4467 1	
4469 3	
4147 1	
4470 11	4473 1	1598 0	4471 0	4472 0	4474 0	

4476 2	4477 2	4478 0	4479 0	

4481 1	4482 0	
4484 1	

4485 1	4486 0	566 0	4487 0	

4490 0	
2026 8	4446 8	4491 3	2509 3	4492 2	2189 2	4493 1	4494 1	4497 1	4498 1	496 0	1617 0	4495 0	4496 0	

4500 0	4501 0	
4502 4	4503 2	4504 1	3036 0	174 0	
4506 3	4507 0	
4511 5	4510 4	4509 2	4512 1	4513 1	4514 1	4515 1	395 0	4517 0	4518 0	2890 0	4519 0	4520 0	4521 0	4522 0	4523 0	4524 0	4525 0	4526 0	4527 0	2125 0	4528 0	4529 0	4530 0	4531 0	

1609 3	4533 1	1025 0	2079 0	2022 0	4532 0	1482 0	4069 0	4534 0	4495 0	2070 0	4457 0	4535 0	3962 0	4258 0	2021 0	4536 0	4537 0	
4540 4	4539 2	4541 1	

297 0	
4545 0	
4547 0	4548 0	4549 0	
4550 0	
4551 0	

4552 1	3685 1	
4554 0	
4556 0	
1520 1	

4421 2	4558 0	
1767 27	
4561 1	2653 0	4560 0	
4562 0	4563 0	
4564 4	4565 0	

468 6	
1548 10	2818 1	4567 1	4568 1	2328 0	2266 0	4570 0	4571 0	2398 0	4572 0	2956 0	
4569 0	
3878 1	4574 0	
56 5	4576 2	4577 1	4578 1	4575 0	2750 0	3679 0	4579 0	4134 0	1973 0	4580 0	4581 0	
1669 3	

354 0	
4583 45	1315 10	3446 6	4584 4	4585 4	4586 3	4587 2	4590 2	4588 1	4589 1	4591 1	4592 1	4601 1	4593 0	4594 0	4598 0	4599 0	4600 0	4604 0	4605 0	4606 0	4607 0	568 0	4608 0	4609 0	4610 0	4611 0	4612 0	4613 0	4614 0	4615 0	4616 0	4617 0	4618 0	4619 0	
4421 5	3608 4	4595 2	4596 1	4495 1	4105 0	4597 0	4437 0	3230 0	4602 0	4603 0	
4621 0	
4157 12	1551 5	4622 4	4623 2	4624 1	1959 0	4625 0	1639 0	
4626 35	4627 30	4628 12	450 11	994 5	4630 3	4631 2	4633 2	4629 1	4632 1	2383 1	3139 0	3803 0	2624 0	4635 0	4636 0	4638 0	4639 0	4640 0	4641 0	4642 0	
4637 0	3093 0	
56 4	1491 2	4643 1	170 1	4645 1	4644 0	4557 0	4646 0	
4510 0	
3807 0	
4650 0	4651 0	4652 0	
4566 0	
1658 0	

2746 0	4655 0	4656 0	
4658 0	4659 0	4660 0	
4662 1	
1760 14	801 7	4664 4	1609 3	2120 2	56 2	2909 2	3778 1	4666 1	4665 0	
4668 0	
4647 2	

4454 1	

4672 0	
2326 20	4625 1	4674 0	4675 0	4676 0	
4677 0	
1632 1	297 0	
4680 5	4679 1	1001 1	2266 0	
4682 24	4683 14	4685 4	4684 3	4686 1	
1973 0	4687 0	

1808 8	4690 7	1014 7	4691 5	4694 4	1523 2	4695 2	2266 2	1886 1	4692 1	4697 1	4698 1	4699 1	2695 1	4701 1	1960 1	4711 1	4693 0	2040 0	4696 0	2507 0	4702 0	2680 0	4647 0	4703 0	4704 0	4705 0	4706 0	2584 0	4707 0	4708 0	4709 0	4710 0	4060 0	4712 0	4713 0	4026 0	4714 0	4374 0	2939 0	3313 0	4215 0	4716 0	4717 0	4718 0	4719 0	4720 0	4721 0	3233 0	4722 0	



2375 2	
4725 1	
4727 0	1609 0	

4730 3	4731 1	297 0	2507 0	2140 0	
4733 1	1025 0	697 0	4129 0	3955 0	
4734 5	4735 1	4737 1	4736 0	4738 0	4739 0	2209 0	4740 0	4741 0	4742 0	
1823 1	4182 1	

2510 0	4744 0	
4745 0	4746 0	
4731 0	
2198 1	4748 1	4749 0	4750 0	4751 0	4747 0	
2183 0	
4156 12	4162 1	2752 0	2507 0	
4755 0	
4757 3	4758 1	4759 1	4760 0	4761 0	
4454 18	4763 5	938 4	4764 2	4777 2	4778 1	4765 0	4767 0	4768 0	4762 0	4772 0	4773 0	4774 0	4775 0	4776 0	
4769 2	4770 0	4771 0	
2290 1	56 0	1757 0	4450 0	1805 0	4780 0	2550 0	
4781 0	




4786 0	4787 0	
4789 18	2653 1	2709 0	4790 0	
4789 0	4791 0	4792 0	4647 0	
2978 1	4793 1	2976 0	1518 0	297 0	
4795 0	
4797 0	
4770 1	

3325 8	551 8	4801 2	4761 1	4802 1	4803 1	
1572 1	2035 0	4804 0	

3410 3	4806 0	4807 0	
4809 0	
2709 1	
4812 1	4811 0	4813 0	


4454 14	4815 9	4816 2	4817 0	4818 0	
3334 1	
4820 4	3825 2	4821 1	4822 0	4823 0	
4825 0	4826 0	
4828 0	
4829 0	

4789 0	4832 0	
4833 0	


4837 0	


4454 1	4839 1	
4789 0	2709 0	4841 0	


468 4	
3210 1	4845 0	




4849 0	
4851 0	
2260 1	4853 1	4854 0	4855 0	
1598 3	3621 0	
56 41	4789 4	4446 1	3430 0	4571 0	4857 0	4858 0	4859 0	
4860 0	4861 0	
4863 1	4162 1	4864 0	4865 0	
4819 0	
4868 0	
4454 0	4648 0	
4595 1	4869 0	3299 0	4870 0	4871 0	4872 0	4873 0	1973 0	4875 0	
4836 0	4874 0	
4876 1	3621 0	4877 0	664 0	19 0	4878 0	
2570 14	
3621 0	2709 0	4879 0	
3073 0	3621 0	

4880 48	4882 23	4883 23	4881 17	4885 16	4886 10	1718 8	4884 5	3879 5	4887 4	4889 4	4890 3	1582 1	4888 0	1879 0	4891 0	4892 0	4893 0	4894 0	4895 0	4896 0	4897 0	4898 0	4899 0	
1757 1	4647 1	


2994 0	


4902 20	4903 8	4906 5	2555 1	4905 1	1172 0	56 0	4907 0	325 0	4908 0	4909 0	4910 0	
58 0	4904 0	
4912 0	4913 0	3299 0	4914 0	



4916 0	

4918 2	4919 0	3457 0	4920 0	4921 0	
4922 1	1042 0	2704 0	4913 0	
3887 0	1599 0	3378 0	4923 0	4873 0	1582 0	

4926 1	3382 0	4927 0	

56 4	4930 2	
4931 0	
4933 0	
4934 16	4935 10	2939 5	56 5	4939 5	4796 4	4936 3	4937 3	4399 3	4938 2	4941 2	676 2	4950 2	40 2	1759 1	4940 1	4943 1	4945 1	4948 1	4949 1	4372 1	4944 0	4951 0	4952 0	4953 0	4954 0	3952 0	4863 0	4834 0	4955 0	4956 0	4957 0	4958 0	4959 0	4960 0	4961 0	4962 0	2470 0	4963 0	3459 0	4964 0	4965 0	2884 0	4966 0	4967 0	4378 0	4581 0	4968 0	4969 0	4970 0	
4946 4	4947 0	1042 0	
4946 1	

4972 2	910 0	3073 0	
4973 12	4974 1	4975 1	4506 0	4976 0	

485 0	
4980 2	4981 0	3449 0	4982 0	4983 0	4984 0	
4986 7	3621 3	89 3	297 0	2351 0	


4989 0	
4990 0	1973 0	4991 0	3781 0	
4995 2	4993 0	4994 0	
3119 20	4996 18	2458 6	4998 6	4999 5	5002 4	395 2	5001 2	2994 2	5007 1	4715 1	1042 0	5006 0	3372 0	3950 0	5010 0	3857 0	5011 0	3404 0	5012 0	5013 0	2042 0	5014 0	4957 0	5015 0	4062 0	4495 0	3807 0	5016 0	4132 0	4582 0	5017 0	3885 0	3073 0	5018 0	4218 0	4577 0	5019 0	3785 0	5020 0	5021 0	5022 0	2675 0	5024 0	5025 0	5026 0	5027 0	5028 0	5029 0	
5000 1	5003 1	5004 1	5005 1	5008 0	5009 0	
2567 0	

2528 2	
5032 0	5033 0	
2189 0	5035 0	5036 0	
5037 0	5038 0	
5039 3	2078 1	5040 1	5041 0	5042 0	5043 0	5044 0	5045 0	
5047 8	2752 0	2750 0	3857 0	4933 0	5050 0	5051 0	5052 0	5053 0	
5049 0	
2826 0	
5054 479	5055 15	5056 9	5057 7	5058 6	5060 2	395 2	5061 1	5063 1	5064 0	5065 0	5067 0	5068 0	5070 0	
5062 0	
5069 0	
5072 1	5073 1	5074 1	5075 0	
1755 1	5076 1	2474 1	5077 1	5078 0	3181 0	
4789 0	
1367 2	5081 1	4659 1	1030 0	5082 0	5083 0	5084 0	4549 0	
5086 3	5087 1	5088 1	5089 0	
5091 0	
5093 1	5094 1	4647 0	5095 0	5096 0	
4789 0	
297 3	
5099 4	5101 2	5100 1	5104 1	5103 0	
5105 0	

4454 0	
5108 2	56 1	5109 1	5107 0	5110 0	5111 0	5112 0	5113 0	5114 0	5115 0	5116 0	5117 0	5118 0	5119 0	5120 0	5121 0	

4789 0	
1598 1	
5124 0	3621 0	2954 0	1972 0	5125 0	

4743 0	4454 0	5126 0	2285 0	
5127 0	3585 0	3994 0	

1598 0	
5130 9	5131 5	7 1	5132 1	5133 1	5134 0	
2238 19	5135 4	5136 4	5137 3	5141 3	297 1	5139 1	5138 0	5140 0	5142 0	
2826 0	
5145 0	
5146 0	3331 0	
2555 28	2631 20	5147 8	5148 5	5159 5	1437 1	58 1	5149 1	5150 1	5153 1	5154 1	3802 0	5151 0	5155 0	2792 0	5156 0	5157 0	5158 0	
5152 0	5128 0	

487 0	
5162 0	
1999 90	
5163 0	
5164 0	1973 0	
3621 0	
5166 0	2885 0	
3621 0	
5169 3	5163 0	

5172 0	5171 0	5173 0	5175 0	5176 0	
5177 0	3621 0	
5199 3	2026 2	5182 2	2525 1	5181 1	5184 1	5183 0	5187 0	5188 0	3675 0	611 0	1838 0	5191 0	1288 0	5192 0	5198 0	5202 0	
5180 1	5185 0	
5189 0	4998 0	1973 0	5190 0	5193 0	564 0	3372 0	5194 0	5195 0	5200 0	
5197 0	
5223 8	5163 7	5225 5	428 4	1715 3	2457 3	5201 2	5205 2	5206 2	3299 2	5203 1	1161 1	3621 1	5221 1	5204 0	5207 0	1733 0	5208 0	5209 0	5210 0	5211 0	5212 0	5213 0	5214 0	5215 0	5216 0	5217 0	5218 0	5219 0	5220 0	5222 0	5226 0	
5227 0	5228 0	5229 0	5230 0	5224 0	5231 0	
5163 0	
468 8	466 6	1520 0	
4280 0	
5234 1	5235 0	5236 0	5237 0	
5238 7	5239 3	5240 2	5241 0	4437 0	3343 0	
5236 0	2988 0	5242 0	5243 0	
5163 2	3621 0	5245 0	5246 0	5247 0	5244 0	
3397 0	3621 0	5249 0	450 0	5250 0	
2354 30	5251 5	5252 0	

5253 0	5254 0	
3988 25	5258 11	5257 10	5256 8	5260 1	5261 1	5267 1	5259 0	5262 0	5263 0	5264 0	5265 0	5266 0	5268 0	
3621 1	5270 0	
4454 0	1995 0	2022 0	3778 0	5272 0	


5274 3	2988 2	5275 2	5236 1	5276 1	1557 0	3621 0	5277 0	5278 0	5279 0	5280 0	5281 0	5282 0	
1596 0	4560 0	
3621 1	5284 0	
5286 0	
5287 0	
2444 0	
468 11	5289 4	
4881 13	5291 8	5292 1	231 0	
1013 2	5293 0	5030 0	2456 0	
2875 0	
5295 0	
1601 0	5297 0	

1435 76	5298 3	5299 0	5300 0	5301 0	5302 0	

89 0	
1889 15	2078 4	5306 3	2572 1	1019 1	5307 1	5308 0	5309 0	5310 0	5311 0	
4881 8	5312 4	1522 2	5313 1	5314 1	5315 1	5316 0	5317 0	
5318 0	5319 0	5320 0	
3621 0	5322 0	
5323 0	5324 0	4488 0	5325 0	5326 0	5327 0	
5329 0	5328 0	
5331 0	
5236 0	5283 0	4297 0	
5333 0	2248 0	5334 0	5335 0	5332 0	
5337 1	5270 0	
4881 10	568 2	5338 2	5339 1	1516 1	2261 0	5340 0	5341 0	
577 0	
5344 8	5345 6	2973 5	5343 2	5346 2	5348 2	5347 1	5349 1	5350 1	5352 1	5353 1	5354 1	5365 1	5351 0	3439 0	5355 0	5356 0	5357 0	5358 0	5359 0	5360 0	5361 0	5362 0	5363 0	5364 0	
5366 0	
5236 0	
5236 0	


2562 47	5371 17	3252 6	2520 4	5372 4	5370 2	5236 2	5379 1	325 0	5373 0	5374 0	5375 0	5376 0	5377 0	5378 0	

2570 6	5380 3	5233 1	4876 0	5381 0	
5236 1	5383 1	
2215 10	5384 10	89 5	5386 3	5387 2	5395 2	5388 1	5389 1	5390 1	5391 1	5392 1	2704 1	5393 0	5394 0	5396 0	2863 0	

56 1	5402 1	5404 1	588 0	5398 0	5399 0	5400 0	5401 0	5403 0	
5405 6	5406 5	5407 2	4153 1	5408 1	5409 0	5410 0	5411 0	5412 0	5413 0	5414 0	5415 0	5416 0	5417 0	5418 0	5419 0	5420 0	

1013 0	4223 0	2704 0	
2004 0	4391 0	
5424 0	5425 0	
5426 13	1598 9	1806 4	1646 2	1757 1	1656 1	1551 0	
5427 26	5428 9	1602 2	5431 1	3083 1	5432 1	5236 1	1724 0	3117 0	5429 0	5430 0	5433 0	5434 0	5435 0	5436 0	539 0	5439 0	5440 0	
5438 713	5444 24	3702 23	5453 9	556 7	5443 6	5445 5	5448 4	5441 3	5446 3	5447 3	5449 3	5450 3	5451 3	5454 3	5442 2	5458 2	5452 1	1085 1	5455 1	155 1	5461 1	5462 1	5463 1	5464 1	5465 1	1153 1	5476 1	5456 0	5457 0	5459 0	5460 0	5466 0	5467 0	5468 0	5469 0	5470 0	5471 0	5472 0	5473 0	5474 0	5475 0	5477 0	5478 0	5479 0	5480 0	5481 0	5482 0	5483 0	5484 0	


4051 3	2332 3	2653 1	5486 0	2595 0	5487 0	5488 0	
1019 2	5489 2	5490 1	
2045 1	3678 0	
5492 0	
5494 1	5495 0	5496 0	5497 0	5498 0	

5500 0	
5502 2	297 1	5503 1	3093 0	5501 0	5504 0	5505 0	5506 0	
4778 2	2175 1	5508 0	5507 0	
5509 0	1973 0	
5510 1	
5512 0	
5514 1	

1019 2	5379 1	
5517 1	5518 0	
1588 2	5519 0	1440 0	
5501 0	5236 0	

5521 5	5524 2	5522 1	5523 0	
5501 1	5526 0	
5528 1	5529 0	1917 0	5530 0	

1265 0	
5236 0	

5310 2	5306 0	5534 0	5535 0	5536 0	


5538 43	3334 4	5539 3	5541 3	5543 2	5540 1	5542 1	1893 1	5544 1	2441 1	4704 1	5558 1	3102 0	3199 0	5546 0	3487 0	5547 0	5548 0	5549 0	5551 0	5552 0	5553 0	5557 0	
4849 0	5545 0	

5236 0	5550 0	
1013 1	5555 1	5556 1	5508 0	5559 0	5560 0	

1551 0	
4918 0	5562 0	
5236 0	

1832 1	5565 0	
5566 5	




5573 1	3582 0	2909 0	5572 0	
5575 0	
1767 40	5576 3	2498 3	5577 2	5578 1	3351 1	5579 0	5580 0	5581 0	5582 0	5583 0	1562 0	
5584 0	
5236 1	

4680 30	5588 5	5144 4	5587 1	5589 1	5590 1	5592 1	5591 0	5098 0	5593 0	5594 0	5595 0	5596 0	5597 0	2503 0	5598 0	5599 0	
2988 3	1617 0	5601 0	2552 0	1971 0	1973 0	
1995 3	5603 0	
5604 0	
2826 1	5236 0	
485 0	1682 0	5179 0	5605 0	
5606 7	5607 0	

5270 0	
5610 0	5609 0	

3114 0	
5611 19	3804 7	5612 3	5613 1	5614 1	5615 0	5616 0	5617 0	5618 0	
5620 2	4779 0	5501 0	
2826 2	5270 0	
5623 3	3809 2	5624 1	3230 1	1025 0	
5625 11	3530 3	5626 0	5627 0	3659 0	5628 0	5629 0	
5630 0	5631 0	5632 0	5633 0	5634 0	5635 0	
1598 6	1042 0	5636 0	5130 0	
2015 1	
5637 21	297 0	5236 0	
5639 0	
5641 0	5640 0	
5642 0	
5643 0	
5645 0	
5647 6	5648 3	5649 0	
2570 30	1429 15	5650 9	1598 9	5652 1	5651 0	5653 0	5654 0	5655 0	4946 0	
5656 0	
1616 0	

5236 7	5659 5	5660 4	3959 4	3230 1	4873 1	5661 0	1044 0	4036 0	1897 0	5662 0	5663 0	5664 0	5665 0	4215 0	
4060 0	5667 0	5668 0	
3047 0	5670 0	5671 0	

5673 2	2300 0	
5675 1	5078 0	2140 0	5674 0	5676 0	5677 0	

5680 0	
1656 0	

5682 26	5684 8	5683 6	1718 5	5685 4	5693 4	5692 3	2536 3	4757 2	5691 2	5694 2	5695 2	5687 1	5690 1	4647 1	5678 1	2895 1	5698 1	5699 1	5686 0	4137 0	1870 0	5688 0	5689 0	5697 0	3325 0	5700 0	5701 0	5702 0	3241 0	5703 0	5704 0	5705 0	5706 0	5707 0	5708 0	5709 0	5710 0	5711 0	5712 0	5713 0	1589 0	5714 0	5715 0	5716 0	5717 0	5718 0	5719 0	5720 0	5721 0	
170 0	2358 0	5696 0	


5726 1	2954 0	5724 0	5725 0	4248 0	

5728 1	5729 0	
1727 2	5730 0	5731 0	
450 3	2519 0	5529 0	5732 0	
5733 0	
1205 0	

5736 0	5737 0	
5270 0	

5739 0	5740 0	
2895 0	5729 0	5742 0	
5744 7	4694 3	5100 2	1886 2	5745 2	5746 2	5747 1	4069 0	5013 0	2718 0	1973 0	5750 0	5638 0	5751 0	3392 0	5752 0	5753 0	2610 0	4133 0	5754 0	1490 0	5755 0	
4137 2	4622 0	5748 0	18 0	



5236 0	
5759 0	
5236 1	5728 0	
5761 1	1598 0	5762 0	

5764 0	

5767 3	5768 1	5770 1	1042 0	
4545 0	
5769 0	
1438 9	3532 5	2183 4	2761 1	5771 0	275 0	

5729 0	3887 0	

5773 0	
5774 2	5775 2	5776 2	5236 0	
5207 0	
1598 0	5226 0	


1598 16	5781 4	297 3	5729 0	5188 0	5780 0	5782 0	5785 0	5501 0	5786 0	5789 0	3225 0	5790 0	5791 0	5792 0	
1617 53	5783 14	5787 3	2653 3	5784 2	5788 1	5540 1	1719 1	4454 0	1025 0	5793 0	4372 0	2466 0	2170 0	4374 0	5794 0	5795 0	5796 0	5797 0	5798 0	2015 0	5799 0	2876 0	



5801 0	
5236 1	
2045 22	5804 2	5805 2	1042 2	5806 2	5236 1	5807 1	5808 1	5809 0	2644 0	
5236 0	
4579 0	
2379 0	5812 0	5236 0	
5813 0	
5236 0	
4913 0	
331 63	5815 26	5814 20	276 5	2608 1	1357 1	5816 0	5817 0	5818 0	
468 3	5820 1	5821 0	
5823 0	5822 0	
5825 5	2917 0	5826 0	5827 0	
5828 0	2749 0	5829 0	
2570 3	
4454 0	40 0	5830 0	5831 0	4208 0	
2326 31	
2826 55	5833 4	5834 0	
1167 31	5836 5	5837 3	5838 2	5839 2	5840 1	5841 1	5842 1	5846 1	5843 0	3559 0	5844 0	5845 0	5847 0	896 0	5848 0	

5850 0	
4454 1	5782 1	1019 1	5851 0	5852 0	
5853 24	5854 19	1172 6	2379 6	5855 4	3724 4	5856 4	5857 3	5484 2	5858 1	5364 1	5859 0	1103 0	5860 0	5861 0	5862 0	606 0	5863 0	5864 0	5865 0	5866 0	5867 0	5868 0	5869 0	5870 0	5871 0	5872 0	
5873 0	
2828 353	2078 74	5875 47	1288 41	5876 35	2512 31	2490 25	5877 21	2876 19	5878 17	3919 13	5880 11	5881 11	5879 10	5882 9	45 8	1206 8	5883 6	5884 6	5885 5	5887 5	5888 5	1007 5	5886 4	5889 4	5804 4	3816 3	5890 3	5891 3	5892 2	5894 2	5895 2	5896 2	5897 2	4403 1	5893 1	5898 1	5901 1	5902 1	5184 1	5903 1	5904 1	5905 1	5906 1	5899 0	5900 0	
5908 2	5909 2	2895 1	5912 1	297 0	5911 0	5913 0	5915 0	
