6 8176 6858 7954 5561 1133 6269
3 7188 5603 17
1 8259
7 5599 2818 1672 1761 4944 765 5949
1 223
1 6855
1 6429
1 5954
1 1897
3 621 3523 2822
1 6067
1 4011
1 4021
3 6212 4242 3115
1 6796
2 4514 3107
2 3855 2513
2 9140 1363
3 1406 2868 9091
2 7264 1020
1 7443
2 3781 8677
1 4218
1 6064
1 226
1 7220
1 5663
5 3572 1004 2117 2001 8937
1 1403
3 1755 5249 47
2 3743 4890
1 3700
2 3721 530
1 8270
2 7588 396
1 3096
1 1290
1 171
4 6025 2712 7999 6772
1 4531
1 7936
1 7630
1 5232
1 2254
1 2927
2 5867 900
1 4521
1 2207
1 5702
1 8270
1 2702
1 867
2 6645 2712
2 8270 546
1 3744
1 9146
2 2712 6318
3 6798 4979 9012
1 9350
1 8281
2 1002 8270
1 628
3 6443 9212 9157
2 900 5142
4 4921 4155 118 708
3 7220 3317 87
2 2784 6241
1 8270
1 9305
1 628
3 5376 6787 2712
1 2941
1 6399
8 6190 1851 3531 295 7249 1238 2095 3118
1 8270
1 7773
1 1058
1 7430
1 6459
1 5506
1 1288
1 6385
2 7589 807
10 3302 8928 3358 964 4670 3102 6181 3991 507 6586
1 1610
4 679 1830 4381 8290
1 2208
3 1620 1440 9190
1 1181
3 5105 4946 1917
1 900
1 1051
2 1183 6835
3 8567 1811 5294
1 3856
2 8536 9089
2 4257 867
1 4087
2 7604 321
2 8129 2486
1 1616
1 3732
1 4978
1 7220
2 819 8923
1 4887
3 2555 8362 7947
1 8580
1 4145
1 3255
1 9292
2 8544 7961
2 2527 6597
1 1805
1 4737
2 7712 1825
2 6895 5412
2 6953 2143
1 8698
1 1153
1 5030
1 5234
2 1948 4291
1 2301
1 9244
1 1325
2 1906 1444
1 7220
1 628
1 5949
1 1902
4 194 2774 1461 1567
1 5981
1 6870
2 4310 7605
2 3992 26
1 8270
2 486 4906
1 2076
1 2338
2 333 1245
2 2569 4126
1 8741
1 7220
1 4247
1 4017
1 1252
1 1935
1 7845
3 1718 1333 3001
1 2814
1 7030
4 3432 3348 607 5949
2 3433 8586
3 5213 9068 6905
1 3813
1 4177
1 4764
2 8846 4394
2 4239 867
3 6040 5894 900
1 8270
1 8270
4 8047 431 1211 1550
1 628
1 6367
2 7422 7285
2 3331 3956
1 7220
1 6442
1 9215
1 5287
1 8270
1 6214
7 4589 4100 1426 3448 1010 8086 6786
1 4095
3 867 6941 1121
2 4303 8270
1 289
2 6192 1546
1 2012
1 7049
1 1560
2 1449 2121
1 3693
1 2553
3 8266 5992 5387
1 867
2 4 711
1 900
1 4607
1 7861
2 4122 7690
2 900 1698
4 6511 4490 5168 5705
1 8902
3 3826 6113 6123
5 6374 3472 2715 5830 2712
1 2598
1 1044
1 8270
1 3242
4 13 5787 9217 3548
1 1722
1 923
1 2712
1 2527
1 4978
1 8385
1 3128
11 773 1647 3372 3089 5455 374 1532 3013 6282 2712 8317
2 4070 379
2 6843 1365
1 911
3 5677 5501 2712
1 4999
1 2843
1 6440
1 4741
1 9267
1 8247
1 8270
1 2176
1 6046
4 3581 1896 1899 5575
1 6438
1 4478
2 5060 8270
2 2336 5092
4 1005 7362 4555 2527
3 4646 4815 5345
2 2624 628
1 2651
2 5503 8270
1 472
1 2222
2 7627 2712
1 1857
2 8072 2712
1 3589
2 8270 900
1 900
3 996 4870 2691
1 923
3 6012 3298 8217
2 4013 5617
2 4607 8270
2 2897 6594
1 7541
2 6757 3869
1 867
2 1610 867
1 4978
1 3856
1 5048
2 8722 900
1 2370
3 8955 9137 9077
1 5472
7 3240 3778 2109 3990 7627 913 8409
1 1721
4 6918 4553 5286 5905
2 8669 4743
2 8797 8950
1 8270
3 612 6561 2315
10 9021 5203 1930 1269 8876 2729 5673 400 647 4415
1 1164
1 486
1 3947
2 4002 867
2 3397 8270
1 1496
1 1425
1 4000
1 8270
1 6516
1 257
3 209 4479 2527
2 139 1297
1 3993
1 8270
3 5186 3711 0
5 6203 5307 3033 2790 5746
2 2418 7015
1 4354
2 6229 6326
1 2695
3 8228 1429 2076
1 7641
1 8645
1 91
1 3920
2 1795 2527
2 4172 1074
2 1447 8913
1 4101
1 3844
10 1987 4868 6765 7891 4941 1855 6469 355 8679 7718
1 7238
2 3162 2915
2 4978 6552
6 7847 781 4229 310 2189 3343
2 8004 7546
4 4475 7206 6846 7854
5 3180 8509 5372 9202 1312
2 547 7938
3 1011 6940 2250
8 6565 3333 4345 1438 5347 681 7263 5668
1 628
2 121 1386
1 8270
1 1822
2 2135 1715
1 8658
1 3479
1 3193
5 2216 9270 657 5730 7202
1 1610
1 4457
1 8966
3 663 1884 1271
1 2909
2 1965 613
1 900
1 9274
1 2102
1 8833
5 3191 3591 3852 469 3834
4 9143 2416 103 2431
1 6450
2 6312 5443
2 5167 2712
1 1087
3 8912 8402 7941
6 678 3125 725 6928 3201 5235
1 3458
1 2786
1 3923
1 4381
3 5860 2270 2712
2 7427 3382
5 7966 1178 812 1418 6266
2 5949 2413
1 8471
1 8270
1 8270
2 2210 1271
2 5849 4546
1 5135
1 8158
2 2113 2156
2 8888 545
3 2068 7019 784
2 3699 7562
1 2505
1 5930
1 6412
2 3856 8270
2 936 1540
1 8270
5 7877 1966 7064 1274 3057
2 7558 4095
1 1271
1 2693
1 3307
1 3608
2 7549 8933
1 7147
1 2505
1 304
1 8081
1 3292
5 1669 199 3899 5699 3806
1 5639
2 8645 8270
1 4330
1 2630
2 2786 6507
1 6756
1 1130
1 6173
1 2597
1 6925
1 5470
3 123 1580 3051
2 5300 6042
3 1647 4869 7697
1 8071
1 6513
1 6417
1 3233
1 985
3 1760 7135 876
2 4848 8270
1 4363
1 7980
3 5092 2983 8599
2 6266 7764
1 1765
2 1285 6247
3 8878 839 2015
2 3606 5749
18 2009 7864 6197 7215 7879 2886 1925 6974 5608 1264 5689 38 4692 3445 5290 5935 6401 2712
1 8270
5 4406 80 867 7788 7367
1 146
1 175
1 5761
2 8822 1973
1 1169
1 8270
3 1148 9338 5379
1 2590
1 628
2 581 9321
2 4780 6668
1 2167
1 2293
1 900
1 2712
1 1944
4 9171 2541 1155 867
3 6104 2883 3643
2 6397 5068
1 3076
1 1593
3 3091 7088 2712
2 867 2489
1 3063
1 72
1 7710
3 4127 8281 5537
1 8270
1 7908
1 7220
1 3964
1 8958
1 900
1 900
1 6187
1 8270
1 7757
1 2319
2 491 7345
2 867 4095
3 1220 6406 7464
1 3698
2 5995 3969
1 2712
1 2059
2 4931 3297
1 8776
1 2712
1 8748
1 4095
2 5092 2712
1 4811
1 2308
1 2447
1 7716
2 2630 1288
10 6962 2546 7968 7223 7424 6654 8340 2717 2856 9096
1 6159
1 8270
6 8200 3048 3796 1605 7381 8915
3 3053 3601 2712
1 900
1 5013
1 8270
2 7738 888
1 3686
1 4978
1 867
2 1579 5186
1 3735
5 4324 4999 8314 7423 8541
1 2581
4 6266 1618 8746 3389
1 3718
1 3753
1 1644
1 6819
1 3405
4 59 1545 7140 796
3 2803 3427 5725
4 3557 3050 2380 7087
2 6231 3758
2 5339 4069
2 7779 1573
1 3335
1 2712
3 610 5215 6547
5 9354 4184 7560 517 398
1 7201
2 999 6234
1 2902
1 302
4 3469 3761 5658 732
2 2527 7574
1 3973
1 1484
1 8236
1 2702
1 5101
1 7832
1 8270
1 1325
1 749
1 628
1 2100
1 6991
1 7595
1 7641
1 52
2 4978 3856
2 4341 5542
2 8325 1451
2 4700 2527
2 6479 8270
1 8270
1 8270
1 210
1 2835
1 6367
1 3725
1 6709
1 1610
1 4305
1 3156
1 5880
4 5722 7411 6959 7048
1 446
2 1089 3960
1 3005
1 6193
1 1915
1 1352
5 1964 1332 3697 4247 2787
1 3388
1 5277
1 250
2 2744 3870
1 3281
1 5627
2 2850 7283
1 2966
1 9131
3 7875 8247 8270
1 8270
2 4333 1474
1 2275
1 5427
2 1192 1589
1 4319
1 4978
3 5916 5731 4538
2 2305 2712
4 4370 2339 2575 2712
1 867
3 6809 5107 228
1 2624
2 2527 2989
1 628
1 5906
1 3374
2 6443 2618
1 4042
2 5120 5781
1 8715
1 628
3 6200 7257 4095
1 1809
1 319
1 4847
4 859 3004 947 2782
2 3371 3541
1 1200
1 628
10 5876 3948 8892 1258 5817 1565 7783 4569 251 2459
1 4095
1 9092
1 485
1 88
1 2712
1 3722
2 7183 867
1 2411
3 1947 212 9059
2 5882 900
2 4030 9281
2 6566 8270
1 7220
2 6530 867
1 743
1 900
2 7220 6298
1 6351
5 1125 5111 9157 6255 9221
1 7796
1 8270
2 746 5035
1 2436
3 1515 1769 4191
1 100
2 398 2527
1 3437
1 8270
1 5710
1 867
2 2235 2182
1 817
1 536
1 7762
2 827 8270
1 2712
1 3730
4 2255 3280 2824 5946
1 8214
1 366
1 2837
1 8550
2 8994 3206
12 3764 5956 8639 602 4609 7715 6778 7045 410 8022 4049 4265
1 4607
1 6634
1 6879
3 4135 3708 6382
1 1808
1 6489
1 4978
1 8698
1 4095
2 8651 2709
6 6093 4611 8017 3085 457 5821
2 6670 7845
1 5405
2 7452 2712
1 900
1 900
1 6171
1 8270
1 220
2 9238 2141
7 4779 825 7802 1409 3357 7573 392
1 4208
1 545
1 4607
1 6679
1 698
1 5276
3 3787 1232 6457
1 4651
1 2505
1 3865
1 644
2 2252 8885
2 374 3998
2 4978 867
1 2701
2 3374 900
1 3623
1 8463
1 8281
1 6465
2 2081 2025
1 7290
2 4000 5375
1 6117
7 9028 9064 4078 5761 1446 7658 19
2 7860 8270
4 3890 2556 5510 9243
1 109
1 698
2 6339 1883
5 5517 4522 2789 8942 7111
3 1233 2527 7088
2 780 6908
3 9320 9093 2285
1 8338
2 6725 529
1 8470
1 900
1 4607
2 5184 9345
1 300
1 1485
6 3909 5866 2886 6059 8199 5252
2 1445 2712
3 7134 5976 393
1 7220
2 6238 6915
2 1601 2712
1 3152
2 3227 2374
1 2527
1 4978
1 9191
4 8714 3170 5191 2644
2 4028 8270
1 5453
1 8270
1 3477
2 7220 8645
2 7163 1114
3 6043 2958 4628
3 6126 2136 900
1 2554
1 9163
2 6853 6658
1 5545
1 4143
1 8466
13 5742 5302 6205 2844 2785 1913 7742 2743 9357 5944 3289 9272 449
2 7486 4759
1 6835
1 2712
1 900
1 4426
1 867
5 395 8208 6898 3646 8044
1 934
2 952 759
1 8617
1 900
2 158 6056
1 5475
7 3528 4860 5658 8772 6780 6568 900
1 7220
3 1325 7220 900
1 2712
1 1204
2 2348 6169
3 3038 5717 7778
1 4618
2 8270 4542
1 1766
1 4166
2 1087 836
1 1423
1 9326
1 2712
1 1457
1 3044
1 8270
1 4412
2 867 7796
1 2375
1 7220
2 5835 8358
2 6672 5698
1 6308
1 7220
1 2712
1 1536
2 4605 9335
1 1396
2 2658 5507
1 4095
1 4896
1 6534
1 2498
1 4607
2 1024 8270
1 4978
1 6641
1 1173
2 8578 5640
3 5200 6696 61
1 8270
1 6714
1 8270
2 7571 6606
1 7393
2 3912 8013
2 4095 900
4 2932 395 8590 5949
1 5359
2 6256 1721
2 1466 2746
5 8801 5124 4671 1976 6270
1 4023
2 1765 2712
1 5268
1 7220
2 900 1214
1 8326
1 8645
1 7568
3 2595 687 2329
1 6024
1 8270
1 8270
1 619
1 8809
1 2712
1 4400
1 628
1 7220
1 91
1 4366
2 7252 3746
7 133 1322 2299 5482 953 5571 5533
2 721 928
1 3737
1 8465
1 867
1 4879
4 688 6638 595 7371
1 7220
1 1253
2 6953 3136
1 522
1 2820
1 2154
1 2155
1 273
1 8214
1 8335
2 3190 691
1 9278
1 5701
1 2360
1 1014
1 6542
2 7092 1585
1 5282
1 4095
1 8247
11 8530 6815 8358 8563 5978 7340 3592 2170 8191 6075 8756
2 1390 5374
3 16 7685 3899
1 6304
5 5019 793 2070 9331 9241
1 899
6 9030 8072 3114 3772 5168 1465
1 3757
1 2744
1 5333
1 3137
2 2979 4543
1 2878
1 5388
1 7544
1 7220
1 6088
1 8864
1 2383
1 346
3 7299 1885 6789
2 264 3588
7 2043 2372 8291 2510 378 7479 7642
2 3567 6953
2 4154 8474
1 1785
2 5150 6468
2 6628 7770
1 3111
1 2712
4 4469 3345 2169 8489
5 6727 8439 8817 2733 1629
1 8842
15 9051 5472 4079 7307 5259 6381 2692 1263 285 3687 2072 5931 2032 7904 5634
1 4664
1 4486
2 1777 2712
1 3995
1 4253
5 7193 1597 554 4331 8826
1 1616
4 6494 5396 1213 550
1 4664
2 8270 6953
1 6953
3 7957 5939 4414
1 4070
6 5652 5017 4369 5733 4195 1633
1 8057
1 1560
1 9298
1 7220
1 2712
1 4063
4 8152 3357 8829 557
2 438 821
1 151
1 3087
1 7878
1 5949
1 9332
1 5862
2 5236 6952
1 6728
7 6762 450 3267 8439 4337 5191 5142
1 900
1 404
2 2677 3763
1 6188
1 4751
2 9313 8270
1 7194
1 7606
2 1153 2681
2 4975 8102
1 6659
2 6004 5537
1 8536
1 5038
2 1338 753
3 7156 4465 2527
2 9061 8882
1 2283
1 7534
2 6457 4458
1 900
1 5265
1 2689
2 1762 4687
1 4825
2 6390 5218
1 1038
1 2786
1 900
1 6835
1 1806
1 8270
1 4978
1 2630
3 3013 6282 3372
2 900 8270
2 4617 2712
1 8247
2 8270 7150
1 900
1 2281
1 3366
2 8270 2972
3 5980 8989 5304
1 8633
1 7908
1 6476
1 6539
2 32 5554
1 7220
1 7295
1 867
2 2012 1327
3 1112 6673 1557
3 6282 3496 3812
1 6933
6 9149 3334 7023 1230 112 2527
2 3265 6254
1 3086
1 8270
1 3896
2 4270 2984
1 1914
1 1031
1 6244
1 3367
1 2527
1 7220
1 5632
1 8270
1 91
1 1152
1 4978
1 82
1 2274
1 5504
4 262 3431 2018 5343
7 3807 4703 2512 5177 1307 3068 3178
2 1610 628
3 6007 105 8615
1 3474
2 1859 8270
1 8214
1 1961
1 4055
3 4828 8341 9122
1 1683
1 6706
3 2433 2524 5178
2 8528 4005
1 4095
2 7566 6484
2 248 4480
1 4840
1 2993
1 643
5 7687 9339 5611 2199 543
2 1612 7502
1 6229
1 6351
1 518
1 335
1 6519
1 1451
1 6215
1 4687
1 7116
1 8270
1 900
3 7052 739 8075
2 1769 6491
3 2521 7186 3835
1 3094
1 2181
1 1945
2 7117 7242
1 1038
2 4830 8583
1 3021
2 7637 1082
2 5301 234
1 1143
1 2778
1 1610
2 6901 2502
1 911
2 867 4744
2 7220 3848
2 8922 2527
1 2227
4 2660 2378 6147 6675
2 582 7637
1 734
1 7549
1 900
2 6686 3093
3 6464 8846 7554
1 3838
2 406 545
1 1153
3 7241 336 234
1 3597
1 7360
1 3311
5 1311 7504 7975 8139 8387
1 6351
1 5147
1 5103
2 7834 791
1 5301
3 6557 2226 5932
1 3140
1 8746
2 835 4228
1 2712
4 108 2730 5370 8493
2 7611 2527
2 1198 1548
2 7819 889
1 8270
1 514
1 3913
2 5099 5529
1 6788
1 294
1 628
6 7711 2409 8821 5524 6931 2627
1 3626
2 4016 8270
2 4642 628
3 4811 3788 2411
2 6068 4978
2 305 6519
1 3478
1 7656
2 385 2712
2 5023 2527
1 628
2 5764 2712
1 923
2 8166 9198
1 7225
1 2052
1 4778
3 8311 1861 7791
1 7575
1 7894
1 1075
1 5411
1 6693
1 303
1 5297
2 4095 2323
1 8037
1 4272
3 2478 1503 2630
2 6070 6775
2 6651 3384
5 9289 5302 2742 524 1616
1 101
1 4258
3 9106 7460 3944
2 9203 1705
1 5329
1 8050
1 545
3 2578 1172 1183
1 4722
4 2822 1262 6191 5422
1 1454
1 8988
1 8270
16 5473 9205 7572 886 6509 5689 4134 4241 8872 1957 639 261 7937 2353 8879 2482
1 994
1 1140
1 2590
1 900
1 688
1 900
5 8445 5573 3408 5142 6739
1 4077
13 2371 9084 6471 3021 5214 7501 2434 6280 4194 4364 20 4703 4886
1 3295
2 8992 2412
2 5221 1794
1 7390
6 3613 37 4219 7952 3652 2712
3 4806 3710 7697
1 5296
1 8964
1 4208
1 269
3 8617 1355 4351
1 1644
1 3660
1 6659
7 2914 2378 6335 6026 2585 8807 4150
1 1134
1 341
1 4813
1 923
1 2520
6 6549 5922 4792 3668 2712 1689
5 5182 873 215 1658 7428
1 7220
1 7220
1 867
2 2415 2479
3 1730 628 867
1 8435
1 4978
1 5745
1 1025
1 2951
2 6922 5741
3 8939 8467 8361
1 3532
1 2712
1 2183
1 4622
5 1976 6890 8427 1162 214
1 8996
1 4095
2 6179 3753
1 900
3 3569 279 2712
1 808
1 2838
1 2573
2 8441 5444
2 3818 6752
5 3049 1589 1647 797 288
3 7381 6175 8581
2 6614 977
1 6585
1 4095
6 6110 8770 7789 2712 1330 436
1 8364
1 7173
2 5704 6133
1 8279
1 900
1 2712
1 3755
1 7220
3 7553 174 5515
2 85 2069
2 6437 7035
6 6328 2206 5674 222 8333 1182
1 2642
2 5949 6519
1 7443
1 1481
1 4095
1 4978
3 2008 5168 7494
2 900 8270
1 3385
1 2448
1 3351
1 5267
2 4568 2190
1 6543
4 6373 6332 9120 1624
4 7481 5710 8255 4281
1 6556
3 4539 867 890
2 2885 2863
1 8270
1 1589
1 2712
6 554 4025 258 437 3347 3113
1 8270
3 4949 1489 7324
11 590 2056 1225 6243 4313 2284 7480 191 6085 6955 3069
1 5138
1 4338
1 900
1 8270
1 1533
4 5391 4285 3120 6851
1 7220
1 2926
1 900
2 4244 1129
2 6976 1458
1 1478
7 395 3019 7968 4904 2411 6965 4162
2 2836 2712
4 7374 5378 742 5759
1 8270
4 9337 7532 8949 3493
1 867
1 6156
1 1976
1 2998
1 2147
1 867
2 2325 8960
1 2163
1 2666
1 3679
2 1328 2712
1 958
1 7598
2 1067 8098
5 868 6266 2437 184 4723
1 3420
2 6816 2398
1 3320
6 1291 3198 5851 2586 900 1583
1 7220
1 4714
1 5159
1 2980
3 8170 8010 3392
1 5949
1 74
1 4346
4 1558 8747 6273 7700
2 5003 1195
1 4095
1 5728
1 900
2 1450 3100
2 2023 8035
1 6298
2 8064 293
3 3871 900 2057
1 7390
3 5252 5348 8881
1 5612
1 2712
1 137
1 2527
6 7600 2685 867 770 9163 6624
1 7320
1 4315
2 1955 1616
1 2527
7 5309 6091 6572 8596 774 4245 7059
3 805 2928 7254
3 4130 7953 8782
2 4791 7697
6 774 5242 3505 823 2446 8436
1 5393
2 381 4252
5 5205 127 2124 4726 2705
1 4978
1 1962
1 3026
1 6100
3 5196 1300 8812
1 2702
1 8219
1 8359
2 6061 2022
3 212 1140 225
1 2212
2 3304 3909
3 6373 5142 1307
1 5510
5 463 740 6529 5926 1416
3 6145 4645 2712
4 6376 5008 8432 9104
1 1819
1 506
1 6293
3 6302 4594 2712
1 7220
1 278
9 6655 9257 4235 1615 56 4585 1939 4888 131
1 8270
1 3555
2 4381 2874
1 7634
1 4659
2 8853 8270
5 5080 3859 395 2578 2411
2 6754 3946
1 6534
1 4350
1 2197
1 57
1 1154
5 8959 5414 7517 7083 981
6 221 1783 2164 477 4977 534
1 7706
1 9328
1 900
1 8270
1 7220
1 692
2 3272 4032
3 7220 5738 2590
3 8590 6943 3204
1 4341
1 2641
1 1926
1 1203
2 615 2200
1 4302
2 900 8309
4 8301 8379 3760 853
1 1676
2 7385 5049
2 5074 8717
1 628
1 755
1 9151
2 7453 7723
1 8628
1 2712
4 7454 6693 5569 6840
1 1105
1 6204
1 2527
1 1465
6 8542 879 5117 6616 4044 4587
1 7220
2 7402 6435
1 1610
1 5841
1 900
2 5329 2712
2 8270 3856
2 5784 9164
4 2588 8270 2561 900
1 4095
1 1165
1 8719
1 2712
1 7039
2 3785 7491
1 6637
2 2899 1434
1 2598
1 8270
1 1514
6 3927 7944 203 4087 1589 6779
1 5022
1 1295
3 3106 94 655
1 8214
1 867
1 5525
1 3457
1 2081
1 893
2 2171 8270
3 1958 8569 7243
1 867
2 1553 2132
1 2527
1 94
1 6019
1 236
1 114
3 1248 1631 8166
1 3745
2 8710 2658
3 2233 2889 79
1 523
1 2712
4 4858 7212 569 2292
1 339
2 3933 4024
1 2393
1 8270
2 5081 5095
3 8415 9300 6363
1 7729
1 4676
1 387
2 8151 4318
1 4978
1 4901
1 5295
1 8648
2 3639 2849
2 8153 7271
1 2986
1 2151
2 5057 3119
1 2382
2 3508 2712
1 2667
1 8337
1 8275
1 2712
6 4702 2727 1094 6615 6751 5494
1 530
6 3059 1016 702 6014 6485 1566
3 8321 4808 5649
1 5504
8 496 8907 2898 8889 1128 4083 7332 2712
1 5500
1 338
2 4004 6240
8 3084 3550 3243 5213 4444 6552 3453 6573
1 2217
7 8544 1516 2087 1029 3204 3276 343
2 4698 1610
1 628
2 1026 2925
2 3189 5338
4 708 8229 7962 7033
1 334
1 1945
1 7189
1 5076
1 8214
2 7771 1323
1 760
2 5859 5831
1 4629
2 6835 2463
1 3511
1 900
5 9157 1177 979 5813 6966
2 8536 8270
1 976
1 871
1 2845
1 4712
12 3021 3544 7050 4648 4696 9159 2992 8953 4488 7380 6746 9249
4 9157 6996 6882 468
1 7125
1 3898
1 6531
1 7220
1 4607
2 6356 9122
2 95 4533
11 6811 296 252 682 7051 2810 35 2566 7709 3761 7622
2 3579 1589
1 2712
2 7503 2928
1 6011
1 6659
2 1446 2411
1 2712
1 6604
1 8312
1 900
7 8049 7011 8835 5371 2799 9 2442
5 3827 4202 1901 9225 3596
1 7995
1 2960
1 8270
1 5754
1 7226
1 7493
2 6869 2795
1 6418
1 7220
1 762
1 2535
1 1491
1 6836
2 3705 2712
1 2290
1 7485
1 7404
1 4978
2 6481 4175
1 7985
2 883 2712
1 2478
1 716
2 4010 5377
3 6350 6383 29
1 7022
2 5447 668
1 479
2 6637 8530
1 1787
2 1810 6480
1 5582
2 5872 7088
2 864 5243
1 4862
1 7220
1 2864
2 3954 627
2 1013 2712
2 867 6174
2 4993 2492
2 470 6876
2 4425 1289
2 900 8247
1 867
1 5917
2 5982 2712
3 6835 7271 2712
1 8452
1 766
1 8270
1 9297
1 6050
1 4051
3 356 2956 2527
2 1142 3258
1 4298
3 3274 18 912
2 4086 8270
2 5728 900
2 4356 1468
2 6368 7808
3 923 6953 8726
4 4173 8741 3428 7240
1 5959
4 8012 7618 4328 9253
6 1699 5839 1023 8681 5583 8354
1 8270
1 583
1 799
4 7693 1788 606 1789
1 2955
1 3298
2 3623 1733
6 5016 1544 6921 2041 4123 5602
13 6631 4615 448 5577 8585 6822 5816 8067 7195 9232 6108 68 8803
1 1950
1 7502
1 6659
2 4650 3173
5 5033 1030 8191 6791 766
2 3020 8274
2 262 1035
1 8214
1 486
1 4007
1 729
4 7758 6125 8646 9316
1 5949
1 4978
1 1574
2 4261 1093
1 4148
1 2608
1 867
2 6862 4834
1 2712
1 4181
1 7407
1 8270
4 575 418 6225 1706
1 2712
1 5195
1 867
1 8522
1 5925
1 5900
1 9307
15 1256 2425 4635 3443 4731 1692 3082 2615 8330 7546 8768 6844 2604 2797 7704
1 1229
1 8652
1 4315
2 4141 6118
1 5881
2 1610 9305
1 7553
1 7761
1 8487
2 4534 929
1 1255
1 764
1 1070
1 2462
1 8247
1 1313
1 4848
1 8533
2 5071 5942
1 4435
5 8859 1464 4028 6642 2719
2 9323 2712
2 7538 484
1 7066
4 4489 8143 4517 2738
1 5271
2 6420 2527
1 6640
1 3564
1 8270
1 2848
1 867
1 4958
1 8635
2 900 8270
1 2291
1 6030
1 5833
1 4344
3 323 8732 1234
2 458 204
2 3762 539
1 5041
6 5306 3750 4347 1870 1784 789
5 1692 8088 4731 2066 2302
4 2127 2490 4974 7199
1 6930
1 8201
1 2712
1 3610
1 2581
6 4732 6958 2809 1804 6710 1765
1 1727
1 4607
2 1592 1765
1 7602
1 2978
3 5537 7527 8740
1 8309
1 1965
1 7220
2 6761 2712
1 6826
2 6935 8034
1 2556
2 7682 622
1 1455
2 4358 3694
1 7857
2 2588 7979
1 5877
1 2965
3 1419 2647 5006
5 7310 3394 2480 5407 8579
2 7856 2712
2 867 6830
1 3612
1 4378
2 5520 7735
4 3082 6764 4270 8917
2 3439 7568
2 7705 2712
4 4003 2921 1853 5570
1 6029
4 5776 1481 150 3581
1 7744
2 9108 2975
2 900 8270
1 8270
2 3456 2712
1 2649
1 8168
3 7781 5504 2527
1 900
1 2438
1 8642
1 2831
1 4613
2 786 8926
1 2678
1 149
3 603 8865 5854
1 4095
1 8270
1 1610
6 6770 7093 4755 9085 7698 8557
1 8554
1 2372
1 867
1 4262
1 2130
7 1 8343 2692 7904 7958 2712 5113
4 3324 6458 3304 7411
1 4742
1 4852
1 867
1 4608
2 667 2288
2 2160 1664
2 423 6048
1 1869
1 8270
1 5335
3 5173 3979 781
4 5999 3079 4403 564
1 900
4 6206 6677 2692 29
2 9299 4062
11 1540 244 2261 8167 1764 8452 4388 5118 8659 7482 1284
2 5617 4939
1 6771
2 3432 1579
2 6409 2527
1 395
4 4973 5918 369 5439
1 4478
1 3414
6 1158 4203 2686 2526 2003 2439
1 1309
1 3728
3 1764 422 4872
2 7916 493
4 9154 1321 5056 5010
3 8091 7980 7005
2 7916 8716
1 2515
4 2914 4476 2723 1107
1 1718
3 1694 4302 2721
1 8270
1 2618
4 5744 5825 982 1321
1 4088
1 4978
2 8041 110
4 782 5952 6529 106
1 9001
2 8270 1337
1 7085
2 4664 867
5 1463 3552 2255 6106 1723
1 8778
5 3611 8789 4349 7233 3046
2 7878 7470
1 1688
2 5337 1244
1 4978
2 1980 2147
1 295
3 2576 6057 4662
1 3642
1 7404
1 6622
2 359 2466
1 6216
1 2527
1 5305
1 2969
1 453
3 5145 3734 878
1 3914
2 5856 8624
1 3805
1 6674
1 8863
1 4661
2 6922 759
1 900
2 2710 6953
2 4114 5814
3 8744 2531 2680
1 2712
2 3599 6003
1 2724
1 7527
1 1453
1 5895
2 8237 8157
1 1921
3 7279 9097 9265
2 9032 2411
4 7516 5897 4857 6140
4 1687 5033 1494 6386
1 91
1 4741
4 5001 6050 5284 8166
1 4924
1 3285
1 7213
3 8494 3976 6313
1 2619
2 1360 4095
1 3123
1 1589
1 6256
1 867
2 9086 8442
1 900
1 4233
1 2712
1 5589
2 4983 630
1 4876
1 6027
3 7432 3709 1539
1 867
1 900
3 3830 3256 4812
2 1083 2019
1 8230
2 43 7405
2 867 1321
1 2712
2 163 1657
1 9148
1 8500
1 7220
7 5486 5898 2021 6596 867 1320 5007
2 6004 98
2 4797 5667
1 7220
1 442
1 2563
1 1294
3 6645 2620 2131
1 4082
1 978
3 1091 6034 6218
1 2355
1 1395
7 2093 7132 2615 6693 7158 3381 6267
2 7736 2690
1 2712
2 272 2888
1 6756
1 6889
2 7220 2505
1 95
1 1518
2 3512 8270
1 9100
1 1033
7 6491 2216 1887 7521 163 475 2415
1 2617
2 2051 6394
2 2260 5129
1 6222
2 6170 7119
2 7902 8025
3 8183 4927 9071
1 2368
2 2171 2833
1 672
1 2527
1 8485
1 4270
1 3204
4 7426 800 7592 2973
1 5672
2 7699 9310
1 9229
2 900 452
1 2133
1 8892
1 705
1 8738
1 3993
1 6220
1 8270
1 618
1 3325
3 2574 6750 9177
4 3223 3110 1046 3214
2 6177 7446
1 900
1 306
1 2590
1 5321
2 1874 2527
1 2946
3 3568 1886 5066
1 900
2 395 6004
1 2529
8 8032 593 2949 6289 2527 5082 340 2145
1 2712
8 7569 5978 7817 4920 997 1780 5902 5740
2 6359 4277
4 6109 3182 4119 3331
2 2500 951
1 4339
1 6609
1 7440
1 8719
3 6656 7982 3641
1 3882
1 8552
4 9002 7454 1085 3244
1 3582
8 2764 4499 4369 3021 4572 3774 2510 5883
2 1507 3139
1 6286
2 958 8255
2 4711 2717
1 212
1 4095
7 3910 8126 8223 7309 7037 4218 433
2 3345 4912
3 3194 1919 86
1 4641
1 4534
2 4791 2503
2 788 2712
2 5339 1589
4 5402 3547 6058 6383
3 5723 8217 7169
1 4346
4 212 3928 6923 3368
3 4422 5143 1221
1 6839
1 3665
2 8000 5896
1 2712
1 8309
2 5250 4873
3 4895 443 3000
1 1439
1 6237
1 3209
2 8948 7598
2 6190 1947
2 9144 2374
2 5230 5262
5 5771 5985 4256 4035 5506
1 5800
1 624
1 2343
1 1325
1 4170
1 6953
2 1630 867
2 900 435
1 9305
2 4833 7222
1 6347
1 980
5 8386 2300 2741 1221 7652
1 1443
1 6685
1 8142
1 900
2 1086 4744
1 976
1 867
1 3234
1 3771
1 8417
2 135 4374
2 4220 1807
1 4636
1 1459
2 8270 900
4 255 7000 8286 3083
1 6694
1 4657
3 6385 2861 5092
5 549 1537 1151 401 1738
1 7905
1 6830
2 3893 5705
3 7728 2024 900
1 3704
1 2712
1 8247
1 6835
3 909 5953 645
1 5220
1 1188
1 9035
1 7267
1 3220
3 3406 5681 50
1 7220
1 8512
1 3419
3 3382 6294 2527
2 2206 552
4 7903 6701 6230 6699
1 6157
1 3398
1 7404
1 1305
1 2679
2 2712 5657
1 3551
1 7220
1 2318
2 1169 627
1 5097
1 545
4 3645 2522 2712 2387
6 849 7528 3672 2050 1589 1594
1 5033
5 3738 4419 4745 7275 6072
2 4843 803
2 5060 4216
3 6119 4022 2753
1 867
2 9200 1487
1 6695
1 1595
3 4095 5700 4744
1 8270
2 2275 8518
5 6589 262 2853 3558 5827
1 57
1 8668
1 3181
1 2527
1 5892
2 6776 8077
1 8977
1 4978
1 4844
1 6740
1 900
1 5444
1 6713
1 7869
1 2637
1 4940
1 5777
1 967
1 6470
2 5265 900
1 5359
2 40 3007
1 93
1 5103
2 867 5968
1 5044
1 2428
3 5141 1521 2527
1 6099
3 9102 9075 7340
1 6199
12 3866 8165 454 24 1924 1661 3062 8551 2084 1001 3266 3186
1 6495
4 4033 9107 7316 3478
2 568 7025
1 2712
1 6586
1 900
1 665
2 8361 5957
2 5410 1462
1 396
1 212
1 8788
1 6340
2 6912 2064
4 5736 8785 6557 5401
2 2527 3135
1 4607
1 3261
2 3577 2712
2 4440 1962
2 2996 1052
3 4570 8892 2712
1 7220
1 8621
1 4978
1 7404
2 1525 9261
3 2851 2712 6668
2 5804 3158
6 7932 5746 1359 559 9190 5805
1 3644
6 5357 3647 8683 5367 8924 1135
1 1347
2 670 7518
1 6630
1 244
2 8945 8270
1 2326
1 4222
2 847 6297
2 9213 5444
1 2362
1 8645
1 4424
2 7511 97
2 340 2712
3 7507 7027 6329
1 9040
2 8951 8247
2 4893 5233
2 691 8671
2 4672 2376
1 6477
4 5552 8451 8732 1234
2 1055 8114
1 3077
1 5142
1 654
1 8382
2 1174 1713
9 3669 5708 7483 2935 2000 4690 7612 5292 4166
9 1653 2613 2342 7990 4602 1962 7355 6341 4053
1 9163
1 7908
1 628
1 724
1 4771
1 9276
1 1342
1 6004
2 8247 6953
1 3578
3 7716 896 7055
2 90 9009
4 3294 5471 2728 4765
3 3495 6892 9330
1 7220
1 1797
1 3869
1 4090
10 5799 4703 5266 899 892 3697 5278 852 2346 919
1 6659
1 5349
1 91
11 7836 6137 4984 3017 5192 4788 8213 2272 4236 7547 7068
1 867
2 6659 867
1 867
1 900
2 3548 8537
2 4645 3664
3 5624 641 2344
2 4014 9150
1 6016
1 8115
1 7544
1 1589
3 2453 673 314
1 2385
2 5610 3847
2 2712 1589
3 6497 4296 5726
1 5578
1 867
1 4089
1 900
1 8453
3 4164 6770 6998
1 1616
1 6489
2 8074 1413
3 3400 352 2527
1 6535
2 954 1104
2 6481 8594
1 3066
5 7753 7205 7565 5567 3605
1 8473
2 1374 3312
1 3340
1 1388
2 1484 8099
1 1796
1 8909
2 2406 6564
3 6835 8892 4950
4 965 8880 2180 2712
1 1840
2 2624 867
1 6835
1 4978
1 867
1 1501
1 3378
4 8692 6705 5770 2601
3 3179 4439 1564
12 8787 1823 4562 425 8971 1052 3634 5385 837 5487 5583 4480
2 7799 865
1 2478
2 4754 1931
1 3364
3 3228 1427 1800
1 4220
1 9242
2 2248 5248
1 299
1 3577
1 5246
3 1315 6669 7076
5 4018 754 6491 5527 3703
2 2362 5539
1 5540
2 5792 2625
2 8270 6351
1 5105
3 2527 3446 6073
1 2038
2 4978 4164
1 5504
1 8270
3 7100 2592 1635
1 8265
1 6356
1 91
1 1867
2 1384 8408
1 1610
1 3618
1 6491
1 6343
2 429 189
1 7626
1 7908
1 7220
1 628
1 4978
1 2475
5 1680 3450 3068 6813 5197
1 2832
3 3875 3039 7498
1 5258
1 8967
4 18 961 8046 1136
4 3883 1410 290 694
2 2514 7088
2 7294 5436
1 1589
1 3573
1 1626
5 1042 1076 4113 4045 3977
1 6077
1 8663
2 4900 700
1 1059
2 8961 2712
1 698
1 2645
2 1984 4346
2 8431 4225
2 5039 875
1 6189
2 4667 8575
1 976
2 8613 117
2 1151 1878
2 9295 8600
1 6894
2 2055 4795
4 9285 900 7872 8309
2 8997 9005
1 1722
5 6042 489 4803 8364 2399
1 3143
2 3789 976
3 7968 6369 8209
1 5229
2 8402 9130
5 7080 4741 8248 5949 6627
1 2712
1 5996
1 3149
2 976 7271
1 7775
1 1331
3 2885 4837 1697
6 4591 308 2717 6502 324 4259
1 5729
3 2771 2352 1895
1 227
1 3480
1 4095
1 6489
2 5916 506
2 595 6671
1 6715
1 7220
1 4095
3 3130 2887 2026
1 3490
1 900
3 3810 669 831
1 3064
2 579 6164
1 1662
1 3288
2 6709 1127
2 5803 8270
1 8270
4 3688 2507 904 5368
1 8075
1 9070
2 8837 7986
2 548 9094
2 7166 900
4 1279 7038 2712 173
3 8802 6183 2712
1 662
1 3342
2 119 5713
2 7839 3192
4 4668 3219 4348 7170
1 2786
1 1951
1 1310
2 5132 1446
1 4298
1 9274
1 628
1 2527
1 7962
6 3262 8323 7169 2311 2467 2527
1 4107
1 6469
1 3132
1 900
1 805
1 2105
2 5878 7580
1 8270
1 4978
4 3089 8096 797 5455
2 6522 8252
2 9160 234
1 5845
3 7209 1675 8344
1 2505
8 4152 5730 8312 4994 4961 8082 163 3513
1 8270
1 4114
3 7115 840 3415
1 2712
1 5756
1 3884
1 6821
1 4095
1 7796
1 5751
3 7046 3859 5441
2 8405 8690
1 7607
1 8586
1 2186
1 8066
1 1744
1 5698
3 8090 3 382
2 338 6207
1 240
1 5490
2 6806 7701
1 5401
4 648 8735 8855 6349
5 4302 2363 2539 2676 5794
1 5460
1 7220
4 7570 7503 1605 2142
1 7796
1 900
2 6540 4508
1 1156
1 8247
1 4282
3 2137 3839 6921
1 1577
2 566 27
1 7613
1 4095
1 8270
3 4857 2211 5148
2 8303 5963
5 3843 8845 7056 7466 2165
1 2094
4 4841 3065 5502 7741
1 7988
1 1144
3 5454 8583 3689
1 7262
1 6953
1 4390
4 778 5485 5609 2712
3 1476 7721 8607
1 4067
1 923
1 4952
1 8270
2 2534 9296
1 2405
2 7359 2933
2 3681 578
3 566 8745 2658
1 676
1 900
3 2450 1272 7660
2 6544 6071
2 7220 2011
2 2768 1118
1 4978
2 4848 8916
2 72 1339
3 6703 5643 5919
6 4766 8514 6160 1048 417 8006
3 1448 8983 6098
1 6263
1 7917
1 8414
1 874
3 3867 1569 6275
1 6350
1 2330
2 8220 3264
1 1408
5 7766 8887 5142 7983 3100
3 3360 6138 412
1 8306
1 5994
2 8899 2772
1 6114
1 3066
1 3905
2 940 4813
1 1755
2 4595 5088
1 5940
2 4619 4604
1 1021
1 867
8 5140 1376 1523 5828 6121 451 1599 4471
1 3055
1 8364
2 394 2712
5 3054 2568 1334 6426 8411
3 4823 8684 4836
1 4905
6 8543 2896 1007 8649 7911 3014
9 3160 6523 5752 1918 8623 794 960 8555 3237
1 8478
1 4320
3 7148 1908 4409
1 7968
1 8073
1 4881
2 4509 1834
1 2752
1 7196
2 434 5791
1 5949
1 4346
1 4335
2 8270 3676
1 1299
6 4168 1095 8510 9086 7756 5217
1 8270
1 933
1 3713
1 6150
1 8270
1 9074
1 4787
2 7419 617
4 3013 8614 1695 6005
2 3825 7942
1 1731
1 8270
1 8495
1 4357
3 8270 7079 900
2 7230 4120
2 8270 2301
1 4720
1 7544
1 5540
4 1769 5904 1336 7443
1 4158
1 3911
2 4266 2007
3 7313 1047 5382
1 1945
1 8270
1 696
1 7488
1 7924
1 2504
1 3451
1 7139
4 6512 8180 5847 2239
1 8513
1 6358
1 8991
4 2590 8270 2374 3374
2 1322 2622
8 1371 4664 5635 6366 7740 7321 8995 9163
6 5188 3075 7596 5580 6715 218
1 9248
5 3300 4678 754 2527 1643
1 2527
1 5348
1 1319
3 3161 6491 7435
3 1559 4421 5790
10 4820 2264 4940 7478 3692 5879 8319 58 5920 5836
2 2736 4380
2 5105 2527
1 5169
1 5254
1 533
2 1748 3862
2 7105 489
2 8908 1051
1 7461
3 9194 6964 3226
2 6001 5964
3 3845 5909 6178
2 8906 7186
1 3463
1 230
1 7270
10 8076 2632 6937 8293 5739 1779 1238 738 7546 67
1 775
1 2890
1 8371
1 4043
1 4978
1 7220
1 3798
1 2995
2 3879 8193
1 9263
3 5207 6387 4716
2 8601 5685
3 779 4691 236
1 3915
1 4601
2 3033 4757
2 4882 8896
1 7220
1 2187
4 2928 8589 3953 805
1 2004
1 9040
1 6792
2 1077 4332
2 5336 5563
1 2707
1 8101
1 8437
8 8107 1871 1977 4186 1568 2665 7107 4125
1 5972
3 658 880 5359
1 7289
3 4563 3858 1872
1 3095
1 1982
1 867
1 2324
1 4076
1 2954
1 867
4 6831 263 3602 8445
1 8859
2 1704 4301
3 9355 9206 2712
3 8641 3961 4677
1 4686
1 1607
1 1917
1 5504
1 7579
2 4460 2090
3 3129 998 309
1 1038
3 4316 3498 2712
1 3584
1 2712
2 6501 5657
1 2758
3 4289 7442 750
1 2403
3 8166 1265 8491
4 4790 2047 8856 2491
1 7982
2 6825 2820
1 4074
1 900
1 1627
2 6953 900
1 1099
2 6461 6690
1 705
1 2712
2 3702 3153
2 8982 8560
1 6296
1 5512
1 7529
2 7014 7378
1 4406
1 6600
1 5546
1 5497
2 6665 5395
3 8166 3250 2527
2 867 4095
3 4691 3846 5464
1 8604
1 1610
2 6446 3938
1 8954
1 6659
2 3270 5926
1 2712
2 8031 8443
1 7220
1 8270
1 8125
1 5718
2 560 5758
2 6357 8743
3 9258 179 3071
3 1970 3432 9153
1 1261
1 4728
1 4894
1 7837
2 6575 2712
1 8270
1 6777
1 8468
1 5759
2 2396 1108
3 5180 7315 2587
2 2914 5215
1 7846
2 2071 2712
9 483 4462 4482 6573 3756 7319 1506 776 5013
1 6246
2 7376 885
1 545
1 8190
4 2392 7520 6315 3769
1 339
1 7040
1 2712
1 7621
11 1345 4368 2317 6667 262 8263 650 5679 2400 5105 1194
6 5005 3467 454 5462 8296 6682
3 2737 29 1153
1 3968
1 3441
1 5692
3 1976 965 8135
1 690
1 2152
1 4978
3 8841 6378 375
5 8617 4772 1149 2810 2712
1 8911
3 7702 8181 1250
1 5706
1 8668
1 8810
1 2747
5 722 1270 8023 5565 4666
1 396
1 8895
1 1392
1 4095
6 5094 8343 436 8990 9349 5933
3 9286 1552 4760
1 4647
1 867
4 6034 6347 5659 4519
1 8855
1 8708
1 1110
1 2712
1 2370
1 8270
1 1032
5 2473 8624 5645 1043 2252
3 8916 9258 4095
1 544
2 5781 5479
2 3782 6116
1 4095
1 4978
1 1122
1 6663
1 6947
2 8299 7350
2 7544 8270
2 2536 8133
1 9266
1 3725
2 4978 7220
6 3155 229 2049 4452 7041 990
1 7095
2 8977 8395
2 1239 5651
1 2527
1 4159
1 900
1 6045
1 2662
2 2807 253
1 5911
1 1772
2 8459 4466
1 7171
5 1276 4863 8673 9109 689
1 3352
4 2903 2459 1356 3314
1 5864
1 2892
1 4978
1 1101
1 4182
2 2682 8606
1 5890
1 1306
2 6887 2527
1 1529
1 4158
2 1938 7515
1 2240
2 7284 1191
1 4791
3 7431 7667 5064
2 7281 2991
3 8509 6854 2527
1 4807
4 3430 2432 2821 4582
1 727
4 563 930 5666 5945
1 148
1 633
4 7943 6266 3869 6569
3 4124 4972 2712
3 7581 6669 4915
1 6093
3 140 2628 4502
1 7165
1 632
3 8605 2527 1069
1 2374
1 6683
2 867 2527
1 5580
2 2518 3374
1 7353
1 2358
2 2712 8835
1 5540
2 2505 7153
2 5838 2712
1 6486
2 63 4813
2 4012 4210
1 8051
1 4819
4 4304 8295 7585 6948
6 7296 7904 7721 1701 6697 6573
1 5690
3 2659 8866 1977
1 7069
1 7102
2 2978 4264
4 7945 7807 1505 7813
1 2116
1 628
2 6761 931
4 6151 2357 8033 8420
1 9230
1 6089
10 2252 1543 7357 6879 7881 7366 7469 1373 728 1019
2 719 8957
1 628
3 834 1065 5142
1 6433
1 5888
2 6334 2712
1 7034
2 456 4480
1 2054
1 795
1 6328
1 1941
1 971
1 867
6 3638 3878 1477 5586 1958 304
2 4305 6004
3 1929 2712 42
1 5105
1 5504
1 8010
1 2402
2 8270 3828
3 6111 8749 3171
3 4680 5098 8332
2 4449 8433
3 3031 8111 1614
1 3993
1 900
1 882
1 102
3 4450 6491 2527
1 4041
1 9073
1 3330
2 487 7724
2 5504 867
2 4371 5012
1 2718
2 9188 4513
2 4441 9306
2 867 9250
1 1271
5 4626 4798 2763 600 3958
1 2985
1 4761
1 5783
2 2114 1126
1 2259
1 4095
5 4455 2777 3216 1509 900
2 7719 3485
1 8389
1 628
1 867
1 7168
2 3016 5180
1 5105
1 274
2 2369 2131
2 5930 4286
1 844
1 7408
1 3577
1 4978
2 5600 7721
1 4095
1 1909
1 7220
1 6864
2 6681 3605
1 3951
1 637
2 4797 6592
3 510 4576 2682
5 109 8771 4703 5682 1534
3 3177 1460 5392
1 135
1 2712
1 9228
3 8804 794 1647
3 3876 712 5526
3 4413 1029 5238
4 4164 241 8145 6529
3 6141 1080 2470
1 2034
1 7540
1 6879
1 8645
1 7227
2 6927 8155
2 473 2549
1 8353
1 5822
1 8270
1 3147
1 8570
2 6784 3504
1 1488
2 9145 4407
1 4344
1 9027
1 6691
1 142
1 9007
1 628
4 8192 6585 5666 5101
1 7065
1 1790
1 301
6 2920 1958 3167 8248 2527 7929
1 8497
1 1319
4 3651 4926 8532 3363
5 1875 8479 6006 6010 2722
1 2731
1 6521
1 4095
1 148
1 7097
1 2157
2 7404 6472
2 2359 8053
2 6545 1000
1 900
1 900
3 1273 2735 8276
1 4325
1 4095
2 7184 2712
1 8247
2 7470 1570
4 5259 3831 4132 44
1 445
1 3557
3 2271 166 4408
1 4408
1 7220
1 798
6 9069 221 9205 3187 1355 1768
11 5628 5097 2279 2591 620 6370 3814 8755 7950 1056 3361
1 14
1 8146
3 961 5440 7336
1 1696
1 7915
1 3013
2 6500 5023
1 1395
1 6804
1 5504
2 2017 3269
1 5612
3 8270 6578 2374
1 2294
1 3425
4 5630 8597 3559 3579
2 900 7108
1 8593
1 2712
2 5948 522
1 4096
2 7716 8032
1 6316
3 7003 9019 5244
2 6069 1318
1 7627
2 1856 2527
1 6459
2 7641 1610
3 3853 8784 2612
2 938 900
1 735
3 4536 754 1868
6 757 5146 7191 7655 2961 2712
1 4978
1 2712
1 976
1 1217
4 4624 7065 8104 2527
1 3486
5 730 4234 8486 7921 1254
1 7697
1 2859
1 2712
1 4451
1 6953
2 7525 6588
1 440
1 6678
1 6004
1 7948
1 3544
1 5216
1 148
1 8065
2 2481 3640
1 7220
1 4095
1 8270
1 2624
1 4095
2 5544 8270
1 900
1 5421
4 8704 6938 7375 604
1 9309
2 7354 1520
1 7101
1 3345
1 1610
1 6997
1 5257
2 660 6408
4 6128 8569 846 6617
1 1325
2 6097 6548
1 2527
1 900
3 15 3650 5046
1 3570
3 7169 9139 9030
1 820
1 3684
1 5504
5 661 570 6611 541 6288
1 8270
1 2884
1 7155
1 3942
2 9095 2262
1 5949
1 7399
1 233
1 8106
4 7812 6922 2006 9016
1 6918
5 3572 2378 741 7247 6022
1 4047
1 867
1 6995
1 900
1 2930
1 4693
1 628
2 3398 5957
3 8580 8946 2527
1 2509
1 5105
1 1801
1 9147
1 7872
2 8368 1386
2 2167 6065
1 2441
2 2234 1984
1 8485
2 4171 3168
1 1674
2 626 594
4 322 7401 2527 1589
2 8422 1802
1 1197
1 4461
1 8270
2 9126 2623
5 972 3412 5737 1266 7982
1 1003
1 1510
4 3454 4418 1824 2256
5 7271 7930 3344 1061 6870
1 5105
1 5755
1 2712
3 2527 7338 1549
1 7038
1 497
1 710
1 8270
2 8727 8211
1 5041
1 4607
1 2639
1 3332
1 1610
1 8270
1 8247
2 2805 6659
4 4196 2834 5630 7522
1 377
1 1610
1 3484
1 6807
3 6427 4431 2700
2 5949 537
4 3473 5619 871 4715
2 3015 3345
1 7935
1 2712
1 834
2 244 2746
1 2564
1 787
1 1257
3 2527 6721 2712
1 867
1 867
2 8198 5326
1 1302
1 9039
2 9139 3251
1 170
1 1682
4 6762 1911 3686 7020
1 2158
1 3587
1 8270
1 5179
1 6009
1 3820
1 6031
2 5463 9163
1 900
2 5688 8824
4 3680 1053 7633 640
1 2786
1 7210
1 867
2 4058 5626
1 2882
1 7795
1 3949
1 4084
1 861
1 6350
2 4263 900
2 6384 8634
2 2547 3903
7 1978 9346 1876 2605 5331 8240 1100
1 190
1 900
7 2793 7994 2543 1852 5810 4278 3426
1 2548
3 76 6138 2527
1 3943
4 7004 5419 4619 5778
1 8973
1 2712
1 4433
1 6835
1 5107
1 900
1 1222
1 3506
1 5000
2 7794 432
1 3002
3 2183 4497 2010
1 3073
1 8226
1 3287
1 8894
1 7846
4 329 9004 3224 5584
1 3949
1 8781
2 338 4095
1 2712
3 8564 1136 1469
1 2712
2 2111 2237
2 4109 9025
1 2082
1 2527
2 2510 3748
2 6229 7220
5 7489 2847 521 2798 3091
1 7301
1 7200
1 900
1 7907
2 281 7964
2 1678 5660
1 3754
2 8409 2872
1 159
2 22 9031
2 3411 2712
1 5593
1 8916
2 4254 3009
4 2800 1085 505 3930
1 2712
1 628
1 6924
1 91
2 9178 3098
1 2275
2 4094 1682
2 3662 3968
1 6317
1 8270
2 4149 8036
4 6764 1508 1665 1228
2 2138 8281
1 638
3 4283 8724 8238
1 91
2 9090 1610
1 3819
1 3900
1 2203
1 447
1 5605
1 5858
1 4193
1 7288
1 1267
1 8645
1 5766
1 8270
1 2131
1 7845
2 4259 2527
5 3404 197 2306 4897 6763
1 3088
1 1442
1 5567
1 5695
2 3742 782
1 3696
1 7016
2 2980 7365
2 1947 4544
2 623 4850
3 2104 2803 4796
1 7245
1 566
1 164
4 1483 1943 161 820
1 1616
1 8328
3 7544 1351 2301
1 8733
1 437
1 5857
1 900
8 3222 9258 3103 4849 3616 4621 2269 6891
3 4893 860 7133
2 17 1348
2 4508 3524
1 1848
1 8729
2 8419 8685
1 4117
1 2873
1 5878
1 4114
4 6517 2121 2231 5119
1 4649
1 2702
3 8177 5011 4631
2 8946 9145
1 6567
1 6158
1 1610
1 1236
1 2051
1 867
1 8416
1 5060
1 2455
1 2712
1 1666
1 4848
1 6175
5 8015 1354 574 8363 845
1 900
2 486 7669
1 7010
2 1460 1358
7 3028 5208 7 859 2860 976 2527
4 9264 3686 5325 5204
1 900
1 6709
2 3283 3759
1 7220
2 1616 654
2 838 3242
1 3242
1 900
1 7220
4 7932 4800 6903 2074
1 7220
1 6096
1 1475
3 3583 4574 7969
2 1997 6208
3 1063 4673 9088
1 1610
2 993 3464
1 6436
2 3490 7772
3 3213 8713 3483
3 8166 1974 856
1 8470
1 745
1 1646
1 5623
1 867
1 6700
2 2560 6041
1 1610
1 1283
3 6021 5623 5465
8 8166 6050 1774 4664 8985 744 2865 792
4 4140 8011 2171 1520
1 867
1 3793
1 3767
1 1071
2 7578 8491
1 8645
3 943 1900 5903
3 8768 351 3245
1 5714
1 1765
2 3247 9103
1 5112
3 1609 6649 3393
1 4607
3 5363 7555 852
1 2712
8 7351 5724 246 1538 7785 5806 4552 4851
4 1981 4816 867 2527
1 562
1 5060
1 900
3 3390 6416 180
2 7645 5416
3 8087 6032 5965
1 275
1 5272
4 7972 3517 353 3282
1 6319
1 8244
6 5037 466 7513 2025 4294 4730
2 858 545
1 6799
1 9249
4 472 4770 264 2126
1 2219
2 486 9073
2 5988 8901
1 2581
4 1971 2791 5869 3146
1 4664
2 5889 2035
2 6037 7220
1 900
1 1506
1 7976
2 8665 5170
1 867
1 900
2 3724 8270
1 8270
1 1017
2 3074 8270
1 4920
1 3993
1 7084
1 3981
1 7872
1 4930
2 2779 3885
2 4882 2150
1 3577
2 2426 4465
1 4095
11 5306 177 1511 6724 5323 5678 957 9290 5096 6127 4293
1 754
1 104
2 2487 2712
1 7601
5 763 6421 3471 6856 843
1 628
1 4664
2 1720 4558
4 1905 2912 1563 1344
6 3637 567 286 3221 5971 5642
1 6211
1 1497
2 1561 7121
3 3565 1240 2967
1 538
1 7888
1 8270
2 7176 5039
3 5033 1526 6637
2 962 9246
1 542
2 1382 7751
1 9183
3 2295 900 2527
1 5480
1 6330
2 8888 6298
2 201 3800
1 6953
1 8222
2 8637 3726
3 8845 5914 8556
1 3380
1 4853
1 2065
1 1640
1 6733
1 1722
1 9024
1 2552
1 6621
1 1616
1 4315
2 6792 2527
5 2929 6463 5735 2328 4541
4 2249 3041 1441 3116
1 7832
1 2029
8 517 8558 6435 6033 780 1431 6850 2314
1 5945
3 136 262 3398
1 4046
4 3627 6929 3092 4774
1 3925
5 1884 2764 2163 3516 9259
1 7583
1 5697
3 2861 9066 3444
1 4048
1 2712
1 2527
1 5497
1 2880
1 5979
1 217
3 3987 9011 7591
1 867
1 863
2 6953 1380
1 3869
3 7505 9045 4001
3 1322 6837 7569
1 1967
1 6564
1 2590
1 2712
1 7418
1 2712
3 608 8342 5967
1 1361
1 6815
2 1907 7484
2 867 5303
3 4835 2234 4540
3 8940 365 4578
1 5637
1 4682
1 2786
1 4437
1 4978
2 7326 1435
1 2702
1 4341
1 8423
1 8270
1 4729
3 7657 1997 8108
1 4215
1 597
1 8382
1 125
1 7826
4 4990 9294 7028 2808
1 7512
1 338
1 2523
1 8871
1 8920
1 1176
1 4978
1 8270
5 7220 8536 2505 8270 87
1 4943
2 2234 7747
1 7537
1 2712
1 5078
1 545
4 6647 8640 8054 4314
1 9336
5 733 6400 7043 7599 4779
1 8527
1 6732
1 6659
2 571 8300
8 1116 5527 1769 7557 4771 3951 5478 1319
8 3715 6764 5621 5724 5356 7777 1203 3418
2 4983 391
1 4978
1 8846
1 7220
1 867
2 8751 8529
1 3777
4 3873 580 7760 4411
2 362 8590
2 480 1493
2 9163 7641
3 5811 211 8721
2 7984 8590
3 3822 1111 6536
1 5656
1 8281
1 7220
2 1414 2303
1 2712
1 5053
1 2343
2 4735 8806
1 522
1 900
1 7898
1 8021
2 7312 8260
1 3794
1 4352
5 8576 2060 6083 2527 1999
1 1059
2 8608 6953
2 6268 4226
1 5949
2 4523 2332
1 1730
3 6643 2959 7490
1 976
3 5251 7636 3946
2 486 4095
1 83
1 3434
1 7220
3 5346 1843 5883
2 6372 181
1 4095
1 2712
1 8270
1 8270
1 8270
1 304
2 5134 8270
1 5612
1 5151
2 6192 1018
1 7321
1 1610
2 3535 8043
5 3254 2714 7449 6753 8060
1 9184
1 7344
1 5466
1 4382
1 7327
1 4504
1 5105
1 8561
1 6039
1 5211
1 7220
1 6529
1 925
3 8834 6312 992
3 3056 4529 2712
1 8270
1 3640
1 8270
1 1377
1 2391
1 113
1 5532
2 4512 2712
1 298
1 9305
1 1616
1 4978
1 8444
1 6546
2 9319 7069
1 900
1 8194
1 3678
1 3091
1 2712
1 867
2 2911 6173
3 2030 555 3166
3 8347 2220 2527
1 2769
2 7743 4288
1 7535
1 6274
2 3657 6266
1 4750
2 486 3689
1 7846
1 9305
1 1776
2 7154 782
3 4095 4586 9073
1 2712
7 4654 4861 3768 9207 8131 8203 6863
1 4978
1 3407
1 4468
1 576
2 802 4883
1 6962
1 7621
2 146 7959
2 9231 2712
1 7977
2 4885 5409
3 3343 5339 1420
8 703 1103 4956 2806 2527 7099 5962 1059
1 6753
2 6814 347
1 4095
2 4599 3514
4 4448 4284 8681 5247
1 6950
1 4978
1 6266
1 8270
2 1275 900
1 8270
1 900
1 41
1 1660
2 900 1357
2 4649 1059
2 8058 8247
1 8270
1 900
4 1716 4103 8488 3435
2 3230 5688
1 698
1 5285
1 8888
1 1916
7 331 818 7451 4192 8693 1198 4423
5 6053 5102 494 1227 900
1 8270
1 4659
2 8709 5444
1 4209
3 2689 4674 5581
1 900
1 8446
1 2712
10 1841 4532 5661 5240 3566 832 3795 1199 8376 6062
1 1098
1 4942
1 6103
2 4232 5041
1 8400
1 2712
1 6735
1 4095
3 4135 2610 9079
3 900 8247 2895
1 6835
4 9119 2610 4089 900
3 8267 2230 5136
8 3165 5399 4034 3823 3034 3291 8734 3733
1 2624
1 976
1 3784
2 6909 5826
2 3349 55
2 7089 2712
1 3996
1 6614
1 7220
2 140 2527
1 3994
2 4782 4128
6 4747 4018 5050 2812 4376 1598
1 4095
2 900 8270
1 3319
1 2280
1 4095
1 6136
1 628
1 4967
1 4133
2 9261 900
1 9017
1 1171
9 2414 1946 5842 598 4747 1530 8418 4575 8003
1 7220
1 900
1 6153
1 3940
1 6768
1 7342
2 1844 167
1 4811
1 867
4 4397 2213 6226 4207
1 407
1 867
1 5415
2 6835 1446
2 5420 7455
1 5949
2 900 8270
1 3030
1 4224
1 867
2 8316 2712
2 5155 5637
2 5085 5786
2 3907 3794
1 7220
1 282
1 7872
1 6730
1 1407
1 4071
3 9322 4256 2544
1 7151
1 1591
1 7922
1 900
1 1165
1 6325
6 8943 7204 2852 8528 3362 2527
1 8270
1 9099
2 900 7220
3 3726 3561 704
1 8645
1 4095
1 8270
1 6659
3 7885 2241 2712
1 5540
9 4826 8661 7753 3300 2053 3975 4020 3787 3545
2 5747 1828
4 9018 2022 9117 7883
2 5696 3133
2 8916 5929
2 3152 4607
7 2740 1500 3619 1222 8590 4725 4162
1 4505
2 70 1355
1 4978
4 8166 3999 5059 2250
1 8026
1 8270
1 6835
1 8270
1 2720
3 6266 2527 9163
2 1143 7552
2 5884 6320
1 3980
1 6910
1 4623
1 5636
2 9189 900
1 5680
2 976 3149
1 4619
4 7072 7673 695 8271
3 6951 4373 7308
1 2527
1 1341
1 8214
3 5133 3377 5389
1 8247
5 4326 6483 7411 929 9152
7 6979 6835 2459 2064 1528 5165 3197
2 2149 8270
4 5720 525 1145 3575
2 7641 3336
2 1332 1084
1 1684
2 192 9351
4 3126 8689 6692 2940
1 5949
4 8421 9029 4867 2354
1 701
1 4607
1 8870
2 3765 6748
1 7880
4 7855 1251 9156 5061
3 9260 1367 8577
1 2867
1 5315
2 6529 1891
1 3573
2 1765 8270
1 25
1 900
1 3409
1 3707
1 7878
1 5949
1 3851
2 395 2661
1 7641
5 335 8905 1965 7149 5062
6 3889 6186 6266 7587 5587 7816
1 1610
1 8392
5 5298 9053 2435 782 3682
1 4095
1 7674
1 7666
2 5366 3006
1 1590
2 3236 6478
2 900 8058
3 4794 8270 900
1 8270
1 3628
17 5444 7448 9069 7255 8980 126 373 3965 5296 4297 6500 7584 8232 7229 3157 8574 6946
1 3252
3 8280 4214 28
1 5225
2 4910 8270
1 6756
1 6953
2 1909 5661
1 1399
2 7776 6266
2 5974 8644
1 628
2 2994 1910
2 2973 2527
2 8613 8182
4 1551 6598 8826 180
4 4817 7886 1266 198
2 5504 2116
1 7896
3 7923 4112 2239
3 5086 8440 4909
1 3354
1 5797
2 2776 4394
2 6404 81
1 8605
1 7506
1 6696
2 9215 2527
2 877 1977
1 2435
1 2712
1 628
1 8552
1 6322
3 4458 5047 1610
1 945
1 7220
3 6120 1402 7008
1 9340
1 9113
5 3581 2397 1899 6702 1224
1 3245
3 6601 3373 4569
1 900
1 7497
1 2119
3 5853 7829 5785
1 405
1 366
1 8270
2 2073 806
1 2712
6 2309 6954 4767 4027 353 4060
5 8171 5166 8520 8080 2712
1 3720
1 209
3 2194 4118 7377
2 2640 5644
1 4408
9 8905 2384 1180 7304 553 6822 3497 8407 7346
1 915
1 1750
1 5029
3 5788 4280 5128
1 4986
1 2044
1 3900
1 8270
1 2712
5 4221 2943 2388 4204 6554
2 2340 3326
5 541 2959 3723 7201 2527
1 5862
1 7404
1 4891
1 6052
1 8718
1 589
2 9051 5566
5 7678 3491 7993 4056 3271
1 697
1 2702
2 2201 761
1 587
1 3948
1 5796
1 5052
1 5411
2 6860 2712
1 7787
4 4938 6242 6210 2464
1 5411
3 7026 5743 2192
2 4699 7708
3 968 262 4870
1 2214
1 5269
2 3144 4978
1 4238
1 2020
2 8696 4545
1 754
1 4727
10 4889 8117 3343 7282 636 8133 4231 2732 5110 421
3 4822 2395 111
1 6339
1 8399
2 1896 6878
3 3356 675 8381
1 2712
1 5739
2 935 8130
4 2974 8857 2331 2712
1 6198
2 2948 7550
1 900
2 4570 2508
2 2635 8753
1 2750
1 5711
1 3060
2 5255 8270
1 8055
1 900
1 3396
1 4099
1 4309
1 7220
1 1430
1 7404
1 4584
1 6711
1 7220
1 4458
1 3900
1 7454
3 517 8720 121
1 3841
2 2829 2713
2 1972 7433
1 754
5 4500 6729 7524 488 4773
1 4093
1 6835
2 4314 6835
2 7784 9033
4 6923 6605 3686 8450
3 3801 8979 7624
3 7169 8217 7443
2 1159 3415
1 4095
1 5227
3 8582 4372 8270
6 8454 7955 9352 7104 2712 7047
1 900
1 8270
1 8270
1 6488
7 4734 850 5275 6082 6971 6659 2132
3 7220 900 8270
1 1255
1 160
1 4933
1 6880
1 2936
3 9054 4205 3869
1 2527
3 7809 4776 6625
1 503
1 8737
1 4607
2 5662 4292
1 900
3 4541 1850 1137
4 7672 5380 1651 2712
3 121 5313 3622
1 3548
3 8839 1078 6884
1 3993
2 2604 8568
3 4481 7670 3621
1 4962
3 9215 2718 2712
3 1055 212 4249
1 2712
3 9145 4401 7628
1 6835
7 1375 7644 7179 8268 276 2134 460
1 286
2 3677 314
1 6564
1 2532
1 3141
2 2764 8380
2 6504 611
2 7679 5677
1 1610
1 2527
2 5622 8828
1 3776
2 5299 7509
4 7017 2578 8439 7258
2 2209 6333
2 5462 900
4 7297 1952 4762 7649
1 4095
1 900
4 8250 5191 8650 2712
1 5073
2 2760 1781
2 1016 8900
2 7304 5949
1 1314
4 1584 2310 6818 5310
1 4416
1 5950
1 6051
1 8179
3 6229 8270 2505
1 7063
1 2370
5 3585 3033 4068 260 413
1 8270
1 6944
1 7589
1 6835
2 7909 2497
2 9321 4295
2 9047 551
2 7317 7060
4 7671 677 4675 2527
6 3643 1349 1749 8760 5761 4137
1 7030
4 3901 7174 7494 8664
1 5504
4 8 5021 490 2527
2 4384 900
1 2712
1 6361
1 900
3 8249 3635 2298
1 7769
1 1449
1 2916
1 1540
2 4551 2315
1 867
1 714
1 1862
1 3387
2 1893 1712
2 1988 2268
1 5083
1 4528
1 212
1 7752
3 7220 1325 6298
2 867 289
1 1610
1 3222
1 867
1 946
1 7803
2 7703 3172
2 968 5126
1 2783
1 7220
1 573
1 2567
2 7878 3773
1 8987
1 4727
2 4978 486
1 628
2 4989 4799
1 5729
2 6833 9181
4 8349 3019 6503 212
8 2846 6473 4527 5028 5986 5651 2729 1839
1 900
1 6529
1 6835
2 6961 7450
3 2658 124 4410
1 7330
1 5442
1 7251
4 897 3117 2572 1820
1 6659
1 4231
1 8588
4 5322 9319 6276 6105
3 78 2807 6869
2 6728 2630
1 297
1 867
1 2116
1 5171
4 8166 6093 826 2321
1 900
2 7238 8869
1 2046
1 7700
2 7973 1983
1 5245
1 2712
1 5009
2 8270 6338
1 8270
3 6867 2483 1378
2 6576 358
1 7161
1 870
1 8270
1 3499
1 628
2 939 1249
1 523
1 2399
1 2545
2 5798 8270
1 416
2 1571 2734
1 5104
1 6898
1 8707
3 2728 6405 2614
4 6317 6836 5938 1502
2 7737 8701
1 8534
2 4865 6990
1 8221
1 8270
2 7244 4095
1 4545
1 1792
3 2590 8270 900
2 900 8270
2 1277 3052
1 4198
2 502 7235
1 3481
2 4183 111
1 8270
2 3246 1702
1 5091
2 6259 7286
1 5949
2 2165 867
1 6659
2 528 3239
1 8270
1 6872
1 6080
2 3428 8507
2 8056 7870
1 6068
2 2788 438
2 6680 1693
3 1433 2712 2080
1 7391
4 4551 7069 1758 8348
2 768 8270
1 2333
1 6489
5 8267 8220 3312 3693 4554
1 8270
4 7961 6680 184 577
1 8270
1 5763
2 3090 545
1 5060
2 7783 2810
1 5509
1 8645
1 8270
3 6794 2479 5559
2 1896 9030
2 1187 4334
1 1610
1 8270
2 4607 9274
2 2964 7643
1 2527
1 7770
3 4470 8484 6537
1 7220
1 686
2 867 7951
2 6907 854
2 4509 7677
1 4964
1 4932
1 1917
1 1524
1 51
1 1610
3 224 6834 4095
2 135 4251
1 7608
2 1472 9060
1 8430
2 5832 7783
1 4095
3 3310 900 8093
1 900
1 6527
1 1383
1 91
2 2590 2347
2 7141 2607
1 4669
2 900 5650
8 3465 1909 4874 9211 2636 8100 2435 5998
2 7648 2472
1 8270
4 2602 6393 6623 8292
2 2465 5516
2 2900 4656
2 651 4775
1 7796
1 2051
1 6835
7 6983 2401 5982 2042 7750 7695 9327
1 3067
1 5429
1 7356
2 4454 5774
1 2813
3 8247 8270 2598
1 8270
1 1630
1 1865
1 7220
1 4818
2 5751 2858
3 6700 4108 4573
1 2527
1 1059
1 3973
4 6514 6896 1005 7337
3 2537 6129 2670
1 900
1 8323
1 4982
1 1743
1 7220
2 441 3959
1 8645
1 2712
1 1972
1 8278
1 4129
1 8270
2 7220 9314
1 7220
1 1714
3 6284 6571 422
3 7897 7329 2712
1 5187
9 824 6457 2516 6449 7824 5694 4948 6336 8827
1 2712
3 3710 8914 3372
1 2726
2 6976 2069
7 3305 8759 7013 4115 3750 5937 6013
3 77 7665 6953
1 900
1 4643
5 3196 1125 162 1735 3329
1 6392
1 8401
1 4557
2 956 5339
1 867
1 2422
1 900
2 4525 2973
1 6648
2 2448 6872
1 8728
3 4389 7220 8645
1 4876
1 8534
1 8947
1 6367
1 8270
1 900
1 9274
3 2286 1005 445
1 9015
2 5620 91
2 5793 9344
1 3513
1 9329
3 5606 1379 4302
1 1826
2 8345 900
1 3869
2 2770 1064
4 517 8186 8404 4353
1 6529
1 9166
2 1456 5758
1 6835
8 6391 7016 7852 3208 8613 193 8697 5455
4 168 1877 5601 1212
1 3507
4 5693 6227 4813 5488
2 4081 8247
1 4305
1 7404
8 3020 6917 7759 3658 3313 5899 9046 9127
1 7122
1 7185
1 3869
3 1815 5558 2712
5 209 9128 3647 7129 519
1 2712
2 7361 1990
6 4793 6942 2712 7939 5514 7113
1 3993
1 867
1 7103
2 1814 4600
1 169
6 2173 6817 1640 7216 7542 5261
1 6953
1 8229
9 2499 857 7114 5970 3615 7753 1968 7278 2716
2 2527 2276
2 4603 270
2 2669 6953
1 5435
1 1325
1 8029
1 5452
1 5042
1 4913
1 2618
3 6541 1700 2527
2 6816 5568
2 7311 8592
3 7430 900 9148
1 8270
2 3617 7472
3 7220 1325 900
1 4267
3 2341 8502 6414
1 2648
1 7220
2 6443 2618
1 8373
1 5553
1 3593
1 8270
5 5157 7477 900 7495 424
1 5427
1 4225
2 4393 1287
1 9175
1 8270
1 7220
1 2027
1 2527
1 7328
1 5105
2 2166 8672
1 2939
1 4978
1 3830
2 2527 5625
3 292 2370 7598
1 6897
2 110 2748
4 2265 30 2616 2707
2 7220 7128
9 7397 1322 5404 1215 3463 752 7629 1953 2745
1 6805
1 1329
1 1219
1 4095
1 3939
2 8823 8419
1 2527
4 8986 9141 522 5664
1 8270
1 4782
2 9204 5541
1 8424
3 3948 5744 2828
1 4290
2 4114 5433
1 7447
11 430 6402 4645 6074 1473 1639 1787 4569 6379 5824 7220
2 3788 6369
1 4664
2 6550 7220
1 2148
9 804 1322 7256 4200 8805 3816 6911 2816 5166
1 8968
1 4946
1 6526
1 376
1 628
2 8353 5590
12 1050 6249 1039 7889 5732 1811 8910 5417 5241 3045 4194 5161
1 4653
1 2597
2 4978 9305
1 4217
1 5103
1 2485
7 1798 6514 6590 8383 1492 7131 3249
4 6090 6509 21 4684
1 5164
1 8783
1 4958
2 3105 7666
1 9022
1 152
1 3374
1 3199
2 6410 4768
1 1642
1 6355
1 2527
1 805
1 8270
1 9305
1 1650
1 9192
1 900
1 3374
1 4906
1 8270
1 2926
1 1846
1 3202
1 7067
1 6223
1 6659
1 7457
1 4703
2 5224 5755
1 900
4 3440 7416 8501 3863
4 3202 6321 3799 1183
1 2307
1 1040
1 489
2 2871 1068
1 1649
6 7928 3487 1645 5588 5226 8477
2 2980 9297
1 2184
2 7215 1109
1 7694
2 5166 6693
3 1937 9170 5549
11 8439 6962 8935 5548 3399 8647 212 6633 2098 2469 4955
1 867
1 482
1 2584
3 8270 5858 8309
1 249
1 3355
2 5324 7837
2 1346 5190
1 2712
1 2712
3 3932 4614 8298
1 6492
2 6726 1185
1 4734
1 7867
2 296 1736
2 8767 3775
4 8850 2519 1030 7731
1 2116
2 8128 2527
2 7180 8823
1 7414
1 7260
3 2650 7514 3260
2 4352 254
7 2408 4911 4995 9097 3349 605 3450
2 5815 1480
1 1166
1 4361
9 8269 7971 9237 8832 6411 6874 7536 4705 3461
1 8188
1 2168
1 8270
2 1755 7068
2 1879 474
1 1141
1 5100
2 6261 7565
1 2634
2 9341 5821
1 3134
2 6633 6492
3 2320 4271 7842
3 9038 4551 3682
1 5100
1 7265
2 2664 7061
1 3594
1 5410
2 1710 2999
1 157
2 3150 4859
1 8780
2 7688 3741
1 1726
1 2825
3 5316 5149 7697
2 6300 6588
2 921 6291
1 8795
4 5638 383 2175 8016
1 6491
1 1791
2 2166 5808
1 9254
3 8324 5410 4317
1 4978
1 6758
1 7474
1 386
1 141
2 6934 5256
1 6970
1 3353
1 6636
1 1911
2 4329 7623
1 8059
1 8591
1 3804
2 8893 1045
1 1179
7 3671 3971 4336 8464 4534 7822 8121
2 5729 5365
4 1845 2558 6620 1087
1 1949
2 7659 6168
1 6886
2 1903 4065
1 2712
1 5408
1 9134
1 4515
3 8944 176 1641
2 3010 9055
2 2381 2881
2 3850 1513
1 3210
1 7234
3 3534 132 3649
1 8763
1 8184
1 4908
2 4639 8674
6 5178 8336 6018 3338 7785 7900
1 2524
2 1843 8548
4 1260 5413 2335 3950
2 7754 2423
1 4987
1 1397
1 3832
26 1202 3043 492 4838 465 3370 3248 7444 9138 6939 107 5423 6989 6881 3024 8472 1432 5321 511 3988 8762 8694 2172 7325 8377 5413
1 3985
2 2060 5975
1 1843
2 9161 5330
1 2904
1 3860
1 2712
1 2327
1 3478
3 5093 8931 3422
1 4749
1 7458
3 7383 5386 2527
1 4401
1 5802
1 8027
1 4087
1 4607
1 205
1 37
4 7205 486 5329 7892
1 3080
1 5562
1 4560
1 4146
1 2125
2 6745 6510
1 2877
1 7365
1 4404
2 2527 4908
2 7468 2527
1 5871
1 5669
1 6299
1 3070
2 4633 96
1 2712
1 1547
1 6981
1 188
1 3175
1 4898
1 5014
2 2132 7616
1 4559
1 2712
4 318 6757 2179 8927
3 6734 9034 1802
2 4098 5438
4 2367 906 7120 7352
1 5467
2 8566 4681
2 3101 2712
1 4733
1 6899
1 4777
1 4048
1 8687
1 4057
4 3926 493 1942 8364
4 2086 8813 1355 2749
1 2225
5 6495 7664 855 6245 2399
7 4031 3241 8014 4520 1992 4311 2079
3 9135 822 1942
1 8952
2 6357 4427
3 3908 4871 7782
4 8452 5820 2712 8122
1 976
1 7675
5 2202 4734 1670 4738 6693
1 6662
2 326 2527
2 388 4985
1 9083
1 403
5 2242 8452 2668 1411 6559
3 3470 8364 6689
1 3164
2 2987 1209
1 2712
1 3403
2 7081 7755
2 8994 4740
4 6605 2661 4598 3163
1 9311
1 4450
2 7031 5984
1 2712
2 3567 8458
1 7874
1 8574
1 84
1 8410
2 6419 2712
2 2495 1882
1 2712
1 4511
1 7352
1 7463
1 5779
3 7551 9134 5519
1 7292
4 1743 4752 887 9325
1 5949
1 5142
2 5451 3974
1 4464
1 4652
1 5355
3 4806 5692 2712
2 2757 4458
2 5159 5912
1 3922
1 5205
2 2683 6213
1 2297
1 3792
4 5891 4719 6741 8617
2 129 6227
1 782
1 7673
1 6217
1 9321
4 736 3665 5123 2373
1 5743
4 8506 1888 5332 6084
2 3085 7096
1 2794
1 1709
3 1632 357 8149
1 1709
1 2527
3 1282 1259 9168
3 906 5543 9057
2 9220 8228
2 156 2527
1 5445
1 5105
1 6514
1 6797
1 5845
1 2264
1 8998
2 5997 1991
2 8242 8657
1 7425
1 1015
2 6832 8975
1 9101
1 4884
1 1452
1 8246
1 8955
1 316
4 4434 4343 8094 5528
1 7992
1 8083
1 2711
2 9252 7692
1 2712
1 6610
1 6582
2 5592 9008
3 7510 1616 614
1 4809
1 6802
1 1119
1 8508
1 7410
2 3176 6256
1 2527
1 5846
5 1499 4914 4610 4167 296
1 33
1 5988
1 7750
1 1610
1 3229
1 2712
2 666 6349
1 2221
2 2621 830
1 2489
1 5540
2 841 8270
1 3232
1 7688
1 6135
1 1691
1 7192
1 9036
1 4709
2 1749 8291
4 3975 2593 5916 6441
2 3365 8524
3 4342 476 4506
2 6131 2247
4 4269 1479 2236 6487
4 969 2911 3509 3797
1 5597
3 5576 2781 3203
2 4694 4243
1 345
2 1150 6
2 5534 3780
1 6228
1 6352
1 1147
1 9124
1 9209
1 5089
2 7949 3636
1 8370
1 2527
1 1322
1 5573
1 8045
2 3391 23
2 493 9251
1 5156
1 7607
1 2406
1 6720
1 99
2 8627 6849
3 516 5531 7500
3 3318 8476 8643
4 3503 8879 2128 3527
1 4465
2 3109 4878
3 7341 4467 7688
1 4322
2 5795 464
1 9195
2 6415 6364
1 1482
2 4704 8865
4 2123 7981 7298 1317
1 6774
1 48
1 5684
1 7895
1 4590
2 6857 428
2 2428 6130
1 2869
1 5212
1 7387
2 5837 7237
2 1503 3078
1 6112
1 4597
1 6657
2 2655 7841
3 8667 8636 1486
1 7818
1 7617
9 3040 809 1250 5789 7825 7417 1498 3729 2815
1 8163
3 9318 1193 5885
2 6020 6143
1 3631
2 5493 3018
1 3185
1 3055
1 5342
4 5383 2854 3145 4066
1 9115
1 2366
2 493 5389
2 5476 7646
1 8105
1 7523
1 7307
1 8546
1 420
3 4783 4453 7075
1 3553
2 4830 4806
1 372
2 8761 7248
1 7653
3 6076 5058 4417
2 3240 6081
6 4137 8854 5239 7642 2083 4656
1 7862
1 1576
1 7543
2 5687 8251
1 7146
3 7705 3184 6738
5 2153 42 7987 642 2721
2 8672 8016
1 3293
1 8709
1 7302
2 5311 8206
2 9233 1572
2 2086 5901
2 7098 2606
1 6452
3 1355 1728 5983
1 4464
2 325 4104
2 3766 4907
1 2570
1 5263
1 429
1 7688
1 1663
1 2556
3 2643 8204 5522
1 2085
2 2148 2907
1 5908
2 5205 1223
1 2712
2 3842 5114
4 2594 1996 1087 7688
1 5158
1 6510
2 3459 6629
1 6986
1 2089
2 2527 6248
1 6986
1 3802
1 5641
1 2780
1 5949
1 1981
1 9121
1 2712
4 2761 2148 6500 2811
1 1668
4 65 7491 2596 2712
2 2713 7844
1 10
2 2108 2460
2 7530 60
1 3936
2 172 8836
1 7620
1 3706
1 5024
3 4786 9078 7705
2 8039 1934
2 8339 5921
1 4153
1 7913
1 4577
1 2530
1 6646
1 1826
1 6500
2 8218 7582
1 8808
2 5499 2755
2 1670 7688
1 5327
4 7668 6760 5015 2694
1 6055
1 7531
3 7910 6260 2196
1 4072
1 6182
1 8816
1 4061
2 1834 7443
5 195 1079 2618 9308 8740
1 5961
4 6310 5106 3468 513
2 2005 4434
3 8626 23 7363
2 145 779
4 3552 8447 6260 2646
1 2364
5 8799 2444 1213 2356 5949
2 4377 3462
1 4248
1 3552
1 7441
1 6142
1 2139
1 238
3 8517 5115 2681
2 9134 33
3 66 4268 7688
6 6704 7294 2618 1362 9105 9160
1 3500
1 5418
1 6664
1 1830
1 2517
2 721 7124
1 349
1 4995
1 8723
1 144
2 3203 4966
1 6524
6 4679 3811 6303 4061 7044 75
2 3476 7722
1 9333
3 8103 46 6202
1 2775
2 6629 5519
1 5955
2 2394 3235
1 9277
2 5647 8622
2 344 3138
1 6176
1 7545
1 5868
1 8900
3 5471 5819 7876
1 2244
1 1084
2 5174 2527
3 414 6842 1737
1 4438
1 6906
2 7909 7576
1 4379
1 4169
1 2078
1 5400
2 4472 3904
2 3187 6285
1 1169
1 311
1 4386
2 1909 2477
3 5237 6717 3655
1 5801
1 4176
1 7691
2 2672 3887
1 3880
1 2118
2 3280 8310
1 5280
1 9187
1 3035
4 7169 1031 4779 8004
1 8150
1 3210
1 1616
1 5354
1 7768
2 8110 1120
1 5949
1 3691
1 7132
2 599 8448
1 6623
1 7696
12 4713 4564 6196 3888 7412 868 8160 1160 7726 8969 9268 3395
2 8618 6532
2 6277 7934
1 8691
1 8984
1 4813
5 467 5716 6194 8941 1881
1 8374
1 2527
1 2451
2 1296 6551
2 3807 5434
3 1296 1120 1370
1 2712
1 5158
1 8123
1 4179
2 4707 9184
1 5162
1 7793
2 1817 1355
2 7806 554
1 8138
2 3934 9273
1 3538
1 4953
1 5308
1 6595
2 1956 8974
3 4260 573 3492
1 3058
1 4190
1 3462
1 4121
2 7416 3416
1 6279
1 6988
1 5844
1 4710
2 1301 2982
1 6579
1 3790
1 1166
1 70
1 5761
1 615
1 33
2 3808 1655
1 2901
2 5082 8993
4 1793 8331 5181 2386
1 4970
1 9284
4 3695 4947 6800 1541
2 3670 3770
1 2474
3 8739 7032 8752
1 6258
1 8426
2 937 629
2 2445 7850
1 616
1 415
1 8777
1 9197
1 1724
1 7896
5 455 4283 707 5941 5190
1 8490
2 6493 6949
1 867
3 5672 5209 7029
1 8851
1 6914
1 9317
1 2953
1 2712
3 7683 2923 4983
2 2970 3666
1 1625
1 6396
1 6221
1 7496
1 1934
1 7139
1 71
5 756 2827 5469 6885 7007
1 6871
1 3001
6 3375 2488 4341 1028 8539 313
2 2942 2618
1 7392
3 2893 9056 91
1 5765
1 2931
1 3253
1 1782
3 1989 7960 5913
1 5190
1 6087
1 7086
2 4839 6431
1 592
1 3792
1 9037
3 8602 5281 403
2 3185 7561
1 5556
1 4866
4 8055 828 3857 2311
11 2416 767 5874 8438 8932 5353 1326 7810 2609 3410 317
2 2944 1833
1 2712
1 471
1 7106
1 5020
1 4937
1 5535
4 5131 8147 5067 5949
1 2106
1 5949
1 3619
1 1286
4 7181 1027 2945 9155
4 6555 7130 8492 4473
1 664
1 3316
1 8791
2 1710 9030
4 3895 2273 1216 7821
1 7156
1 6323
1 6454
1 3941
1 984
2 8202 8927
4 4151 6201 6309 267
4 8159 9134 6251 2746
1 9042
2 7494 6639
1 6495
1 5373
2 5630 7765
1 7965
2 7865 6431
3 8008 5924 2527
1 5748
1 1659
1 2419
1 2663
2 1516 7333
1 5459
2 1157 2712
1 9123
1 8655
1 1175
1 4660
2 9283 9234
1 5239
1 3989
3 9139 3598 7086
1 7360
1 6632
1 4918
2 8875 3526
1 8289
1 1308
1 2224
2 1493 2919
1 4185
2 2673 4835
1 2610
1 2013
1 6271
3 1842 6581 731
2 4877 6652
4 8298 2699 8830 2067
3 7840 7062 3997
1 6570
3 3273 7739 7335
1 5513
1 6916
1 8364
1 5551
1 3255
3 5457 5579 5390
2 6432 7182
1 8480
1 7848
2 4630 4959
5 312 6439 3430 5142 5190
1 5641
1 6301
1 1975
3 3574 5389 1298
2 949 7175
1 4882
1 5823
1 200
1 1654
1 6982
2 239 6499
1 3253
1 8686
1 2334
2 9065 8255
2 4854 6871
3 5607 3716 6015
1 1385
3 4981 1054 3032
1 6743
2 2527 4474
1 1827
1 5018
1 8112
3 7871 3533 4592
2 810 9347
1 5969
2 3648 6217
3 7686 6999 8351
4 2802 5840 7421 9223
1 6563
1 1892
3 4192 6666 2058
1 3309
1 5949
2 8742 6904
1 9214
1 2839
1 5949
1 280
2 5212 2430
1 7767
1 6354
1 8702
2 2553 2449
2 6841 6475
1 7110
1 4738
2 7387 5543
2 4595 3467
6 2957 6478 9116 8042 917 8001
1 3413
1 8750
4 4595 4789 5183 5477
2 7152 4250
1 3945
2 3593 4491
4 7321 9124 5993 8127
1 5198
1 2129
1 1670
1 6644
1 5843
1 8814
1 2174
3 7931 4852 5863
6 1285 962 5734 8124 8390 6232
1 4111
1 7688
1 7137
1 898
4 8365 3962 7647 3322
1 7094
1 5675
1 6371
1 2527
3 1668 866 3169
1 9088
1 307
1 5212
2 3762 5873
1 5595
1 5675
2 3022 314
1 6994
1 134
2 8189 2493
1 2712
4 6833 7236 1458 8396
1 3121
9 7716 6283 1110 9205 8674 560 4971 4142 9182
2 8085 3739
4 3489 2751 8481 7348
2 7306 884
6 427 3877 685 4321 4275 2580
3 4495 8730 3727
1 2754
5 6637 2671 4625 3238 5450
1 8197
1 2924
2 7090 2204
1 259
1 8811
4 4951 62 1832 5202
1 1751
1 8482
1 1600
1 8019
1 995
1 8024
1 7991
1 6178
2 780 6677
2 8119 2614
1 6861
1 2263
12 3301 8356 2492 1131 354 5757 7707 1278 9044 8002 9003 1009
2 9236 5949
1 4688
3 1831 7556 4663
1 4031
1 970
1 2708
1 5949
2 4518 556
1 1756
1 4724
1 3522
2 6292 9195
1 4708
1 5773
1 577
1 2089
7 539 8288 8356 4211 6659 1501 3502
1 3906
5 2185 1788 3478 9178 1656
2 4992 6124
1 6165
1 3792
1 6345
1 237
1 3633
2 6444 1685
4 5947 6466 4365 5949
4 9072 7471 2093 1606
1 3872
1 9000
3 209 2156 9287
1 748
1 1616
1 3203
1 4019
1 4385
1 7918
2 625 4039
2 9133 9342
1 907
2 1167 7268
2 2039 8547
2 2273 3963
5 4396 7114 187 5875 771
1 7603
1 7343
1 3429
1 4097
6 1372 747 2917 2767 7178 5750
2 8254 6036
2 4779 2177
1 7882
1 1622
1 4616
2 6508 1366
5 1340 8793 5913 9255 7590
2 6893 6262
1 8891
1 6637
1 9311
3 5781 8976 5474
1 4287
1 4052
1 5079
2 9205 5319
1 1037
1 3518
2 9037 5665
1 8456
1 7071
1 4284
1 6185
3 1710 7494 5852
2 182 814
1 577
4 1652 1638 8956 4359
1 45
1 7946
1 1710
3 6092 8173 2796
1 5781
1 4180
2 7388 3546
1 8173
2 7492 3571
2 3994 2976
1 2841
5 3893 4456 3994 2527 7333
1 3994
2 8375 7333
3 577 9263 1682
2 6943 9235
2 5989 7259
1 3772
3 1135 9093 3685
1 3600
1 5594
1 4095
4 3994 461 3036 6848
2 5505 3598
2 7071 577
2 522 7733
8 4779 1163 4450 3607 7553 577 7650 3215
4 785 591 9282 7978
1 115
3 1682 7851 5705
2 7141 7109
1 3994
1 8632
1 9277
2 718 2804
1 2266
1 3303
2 4507 5753
1 5163
1 4880
3 2107 9030 5989
2 1894 7680
1 2937
1 2991
3 9139 1421 2429
1 6456
1 7259
1 2107
6 7141 8544 8072 2273 6286 1029
1 6987
2 2092 1747
2 1555 2471
2 1210 7211
1 4510
2 508 5949
3 2140 577 6195
4 5781 9158 2107 8425
2 4496 6346
1 9118
1 4367
1 3675
2 8919 6708
1 5318
3 2517 3515 6496
1 2653
1 6148
2 2087 6656
2 4739 8553
2 3833 3663
2 588 3881
1 7042
1 5910
2 1238 5691
3 869 1467 8235
4 5425 1398 6987 4620
1 6281
1 4383
2 7388 7494
2 3641 3994
1 4483
3 2087 4695 5479
1 8819
2 7156 1437
2 6271 7914
1 3886
1 8070
1 3029
1 2484
2 8372 5314
3 6162 6026 8339
5 1878 2107 1368 1208 3421
1 5862
1 997
2 1763 1196
3 153 6967 4139
1 8897
1 9125
1 6793
2 8261 6360
4 3654 7653 8471 1415
10 3729 4059 7322 7676 122 5361 2012 7167 2245 2025
2 8595 8766
1 2950
4 6511 5781 2087 2337
4 5484 1835 5683 9271
1 2565
2 9330 5049
1 360
1 6847
1 652
3 1960 8732 5040
1 8369
1 5654
1 2404
2 2452 8429
2 4805 6920
1 7273
5 1517 3747 147 7073 4922
2 5523 1703
1 901
1 1621
1 8384
1 2420
3 3341 4696 8918
1 5955
1 6605
1 1527
1 4355
5 5004 9087 3402 8030 6166
2 6287 7487
2 2501 535
2 70 4697
3 1841 7389 5762
1 8820
1 8786
3 1355 5334 2458
1 3549
1 974
10 7940 4936 4230 178 2698 8849 4064 3731 8754 7429
1 8775
2 3919 6278
2 958 8068
3 540 6801 7246
2 6864 4919
1 6422
1 8388
2 1446 5633
2 8742 4640
1 1389
1 1932
1 531
2 6224 1842
1 5987
2 8063 2045
1 1715
1 3520
1 2407
2 2000 3580
1 1168
1 33
2 3716 500
1 2610
2 4991 8162
1 2712
2 8666 6239
1 8028
1 585
2 5358 1201
1 1619
1 4187
5 4852 9135 3620 1556 5175
3 6434 3466 2527
1 987
2 6227 1993
3 1247 3970 7123
1 5077
1 7006
2 2224 4655
3 3714 3952 1405
2 7143 202
1 7500
2 7232 4307
1 6348
1 6257
1 2739
1 3921
1 7610
1 8154
1 5121
1 5818
6 5293 2629 942 3983 6430 8084
1 8905
1 2712
1 8904
1 9048
4 8141 3836 8106 5168
3 8287 7638 7021
1 1404
4 3824 1161 872 2440
2 1969 790
1 9348
2 3595 8205
4 4269 8997 1927 7369
1 2040
1 4498
1 5149
2 2287 8403
1 4131
4 5916 7563 8773 335
1 8670
2 3286 5949
1 2410
1 9185
1 5237
3 7372 6337 7814
2 2830 1576
1 4246
1 5670
20 4810 4945 5172 7594 5870 5152 9280 2246 8970 7303 4969 9043 4105 3452 3740 2611 7384 368 5350 2456
1 5949
1 7593
1 615
2 3653 7734
1 7276
1 6109
1 2266
2 3577 5127
1 8122
2 4031 2198
1 7890
1 7434
1 3352
1 1813
1 1062
1 1634
2 7744 222
2 1170 7528
1 8391
1 1412
2 2583 811
2 7635 4212
1 3279
2 8584 5646
2 6619 8360
2 8258 8449
1 4008
2 5807 5915
1 283
1 6324
1 5456
1 6380
1 5829
1 7379
1 9304
1 8877
3 2073 5449 8562
1 5706
2 5307 1355
3 6852 1959 6311
1 2088
5 4565 5446 7413 7203 4772
2 8491 4327
2 3629 8818
4 4689 6095 5045 4327
1 2603
1 2674
1 3955
2 350 4492
1 8898
1 6285
1 3982
1 4080
1 3577
1 6871
1 1381
1 7054
3 4845 5949 7437
2 5139 1677
1 2289
1 1998
1 1742
1 7091
1 4463
1 2866
2 7434 6888
2 6486 1293
1 31
1 49
1 5949
1 7318
1 3659
1 5468
1 5769
4 3076 4638 4312 8185
1 6154
1 509
1 8638
1 7774
1 389
2 2688 973
2 8620 1912
1 3560
3 6759 245 6828
2 4391 4596
5 7727 7388 8868 3901 6139
2 1669 8212
4 1184 4758 2193 8540
1 5703
1 6094
6 208 7239 1711 6445 4736 364
1 2427
4 7663 4583 4963 1073
1 7253
3 371 3438 8610
2 213 6972
2 1241 53
1 706
1 5966
1 315
1 5495
1 2725
3 7745 6086 2626
1 754
1 7956
1 8659
1 8521
2 1355 243
1 8412
1 1936
1 1604
1 1866
1 5328
3 6773 4511 4960
2 6755 4276
1 7266
1 7533
2 6810 3263
1 2674
3 1343 3667 8796
1 3567
1 4753
4 8567 7661 23 8697
1 1979
3 2229 1387 6236
3 9014 520 3003
1 2842
2 974 916
2 4802 5958
2 7641 4934
2 4075 1681
3 8069 4516 918
5 1644 249 7970 8659 8672
1 6978
2 3018 5848
1 5043
1 8848
1 426
1 8709
1 8243
1 1243
1 6448
2 7242 1995
1 1573
2 2144 7398
1 674
1 8048
3 3736 8475 4717
1 4281
1 4428
1 8140
2 5955 403
1 3576
1 3127
1 5423
5 3916 4965 489 2081 4395
2 6362 207
5 9240 2947 6054 1671 2669
1 2955
3 8568 8855 8916
1 6593
1 8140
3 2345 2862 3104
1 3562
3 6219 3104 6187
1 801
1 4188
1 8302
1 3683
1 941
1 9174
1 1504
2 8515 5564
2 8304 9147
1 699
2 1391 6574
3 1394 8009 7393
1 1737
2 5273 8263
2 9049 948
2 1773 8978
1 5536
2 4442 1933
1 8138
1 4293
1 3630
5 2255 8675 8215 8355 7681
4 6795 7654 2257 2316
1 8846
3 3579 5144 6785
10 2014 4935 6331 653 7684 4831 242 8318 7269 4526
3 8654 7625 914
1 8680
1 2656
1 6687
1 65
2 2496 932
3 1746 9041 978
2 6984 5283
2 3774 5815
1 2243
1 4644
1 1849
1 8457
1 6044
2 5228 5498
1 717
2 922 1581
2 7989 5063
2 8326 2461
1 1186
2 5521 6486
3 8974 6451 6749
1 2746
3 8838 3717 9111
3 2394 3200 6769
3 726 7577 9110
1 8619
4 4227 7989 5655 6163
1 7577
1 7926
1 4824
1 5231
4 34 5834 9223 7750
1 7396
1 2913
1 4579
2 966 5608
1 7577
5 5869 7577 2654 6486 3751
3 7653 3581 4862
2 5031 7053
1 8027
1 6455
1 1860
1 5560
1 8571
1 4814
1 5788
1 8699
2 3151 4785
3 4785 6155 2365
1 7272
2 3603 1726
1 8815
2 8609 2258
1 5274
1 1287
3 6963 8004 2016
3 7805 3674 4763
1 5887
4 4665 4968 1066 2905
3 1889 1739 4136
2 5051 7868
1 3623
3 7974 2599 2801
1 3604
1 361
3 6707 8398 5270
4 7156 631 7077 3918
1 1679
2 6902 1757
1 7364
4 1854 7475 6252 154
5 3789 3479 634 6907 9013
5 2908 6049 3897 4996 3837
1 389
1 3401
1 7347
1 1725
1 8007
1 4375
1 5109
1 8438
1 7906
6 5613 8965 4189 1637 3697 6823
2 8469 3603
1 1207
1 3614
1 7159
3 6737 561 2773
1 7893
2 5727 3540
1 6389
1 8930
2 11 5070
2 6664 7866
1 3961
4 1034 6264 1740 8378
1 3299
1 4988
1 2232
1 9186
3 758 7669 5426
4 5653 4571 4769 399
1 900
1 7002
1 5550
1 6428
1 6209
3 6365 1092 3791
5 6558 5620 7651 5506 4110
1 4906
1 3350
1 4503
1 5054
1 2350
1 527
1 1218
2 558 3605
1 2527
1 8161
1 8285
1 8227
1 7177
1 1708
2 8769 708
2 3854 9173
1 8573
8 7732 6942 4299 4627 4637 8350 3894 2756
1 4050
1 4419
2 963 6680
2 7657 6314
1 8231
1 6719
1 2577
2 6467 1417
1 6992
2 235 976
2 2223 2263
1 1153
1 7439
1 1207
1 5210
3 8779 2282 8519
3 6812 8545 6580
1 905
1 9315
1 7849
2 3112 6900
1 9076
1 7314
1 4199
2 4465 5616
1 9258
2 5237 8549
1 6838
2 8538 3217
1 1898
1 8860
4 5027 9312 2304 2099
2 1904 7214
1 8921
1 2540
2 7640 4494
1 4436
2 7996 5508
3 2264 4138 5508
1 5341
1 895
1 8678
1 4416
1 2036
1 7266
1 5075
2 580 219
2 3275 4903
2 4781 6423
2 6650 7261
1 4954
2 2457 7815
4 247 128 5362 6167
16 3984 2652 8731 569 9239 7823 7632 4549 332 3369 7036 8195 462 7790 2146 7363
1 6709
8 7127 1471 2033 8148 411 8867 370 6388
1 2107
1 9112
1 1636
1 8963
1 2855
1 439
3 635 5036 5489
8 1332 8629 481 2267 2631 709 6560 330
2 6602 7382
1 8758
8 6913 7901 5715 7835 4832 6945 4957 390
1 9062
1 55
1 6453
1 526
1 5768
1 8284
3 902 3625 8938
1 6562
1 4566
2 4327 1235
4 4015 1113 5760 1340
1 4327
1 4327
1 7069
3 4327 3174 8294
1 5467
2 4352 4327
1 6660
1 4273
2 6591 2971
2 4501 3786
1 4038
2 3099 8498
1 7323
1 4178
2 4432 8225
1 7519
1 6932
1 1207
1 8282
2 5916 7012
1 4721
1 4405
1 143
1 927
1 6900
1 2294
1 1719
2 9165 920
1 9339
1 1132
1 1401
1 8531
2 8962 4548
1 6603
1 720
1 2390
1 6398
3 7001 2389 5598
2 8262 6539
1 3012
2 4535 7231
2 8525 4858
2 1667 8565
3 8858 9334 8264
1 4629
4 1081 7811 2604 5166
1 3339
1 3449
1 8357
1 1242
3 8566 5631 7696
1 8172
1 3488
1 4706
1 3543
1 4928
2 3529 8234
2 4629 8455
2 3027 2684
1 206
1 8511
1 7748
2 444 5
2 2857 2557
1 3398
1 9196
1 9180
1 6290
2 6327 7780
1 6233
2 1963 367
2 2755 842
1 7887
3 9196 8406 2755
4 1335 5239 9208 2075
2 7997 8092
3 8925 7112 501
1 8357
2 5084 1512
3 777 2345 1770
1 3308
1 3308
1 4009
1 1497
3 8272 2955 8178
2 8840 1497
4 6956 4392 2922 1648
1 3308
1 9262
1 8526
2 89 1262
4 2260 8224 7420 6102
1 4446
1 2527
2 3482 5538
1 7927
1 4720
1 4846
1 4685
1 9010
7 6377 8535 8653 6859 7843 2792 5591
1 4720
2 8688 586
2 69 4720
1 4240
1 6377
2 3849 6149
2 693 7548
2 3690 3218
1 6824
3 5557 1587 1752
7 4340 254 8134 5604 2228 6723 2178
1 7228
3 3225 6107 7009
3 116 7136 7144
5 408 4006 1920 4036 55
2 8844 9052
1 3632
1 4073
2 2551 5170
3 4827 6877 2117
2 8156 2162
2 3494 8480
1 2374
1 6731
1 6395
1 4606
2 8038 4566
3 3023 6002 2981
6 4896 2816 986 5180 7537 6539
1 5855
1 4550
1 5594
3 9172 862 924
1 8164
3 4485 4026 5340
3 2188 5364 5928
1 4976
3 8712 7300 6413
2 7071 6139
1 3441
1 1049
1 3542
1 2454
2 4160 9245
1 7218
1 4106
2 2532 4206
2 2087 284
4 4383 7174 3215 3421
5 7259 7799 2938 9030 8072
3 1652 3978 4029
1 3386
4 2103 2097 6134 4459
2 2349 1745
1 1400
2 7586 2712
2 4855 6132
2 8528 1617
2 7887 8434
3 302 6865 1611
1 3154
1 8305
3 6577 7744 2659
1 1856
1 1732
2 609 4875
1 2712
5 5424 584 2582 7797 813
2 2712 6122
1 4487
1 5291
1 3931
1 8625
3 8414 1872 7473
1 4420
1 4929
1 739
1 6528
1 6152
2 5604 2115
1 9275
1 1829
1 1190
2 4829 2527
1 7217
3 3656 6407 1036
3 3131 1542 772
1 4197
1 4511
4 6063 3857 1146 3188
1 165
1 6515
1 55
1 9343
1 9006
1 320
3 2759 2876 917
1 1878
1 2476
2 3278 3586
1 8847
4 4536 1554 3257 8547
1 5384
1 7597
1 2687
1 1281
2 1424 6460
2 1586 3097
1 5403
1 1490
1 1287
1 2550
1 1578
1 1465
3 2559 6635 2531
1 3277
1 268
1 7388
2 5289 5264
1 7467
1 4701
1 9023
1 5160
1 8313
2 894 8631
1 9210
1 328
2 1754 9157
2 7334 3205
2 3424 7409
1 7145
1 1428
5 1308 8505 769 8216 5990
1 6035
1 4658
1 7840
3 6607 7828 5949
1 7438
3 7403 9218 1564
1 1250
1 3222
1 3670
2 3321 7058
1 5090
1 7172
2 8320 7208
2 4524 5812
1 3306
1 7631
1 4980
1 9247
1 9227
2 1117 1088
2 8572 3986
2 3501 5555
2 5671 6957
1 5468
1 1470
2 6424 5397
1 402
2 6883 5320
1 1923
1 1117
7 489 6265 287 7400 2086 4485 4167
1 2063
1 1369
1 7614
2 4213 5614
1 1316
6 8245 7445 2977 601 1535 1519
3 380 8706 6101
1 8078
2 4274 6115
1 6722
1 4085
1 9293
1 4360
2 7250 2712
2 1436 4511
1 6454
2 2657 8052
1 1422
1 6115
1 3935
2 8393 5782
2 6115 3142
1 6454
2 1117 7833
3 2159 4580 3501
2 4507 6742
1 7912
1 1117
1 2696
1 3501
2 4507 2712
1 2952
2 8329 3122
3 5288 6782 4472
3 2696 5055 8132
2 7172 5782
1 216
1 6684
5 8764 6307 9302 5936 4718
1 9293
1 6664
3 1117 2048 4856
1 8367
1 8906
1 6684
1 495
1 2277
2 4997 8676
4 1124 8603 8346 811
4 739 1734 8075 7820
1 5547
2 8460 4360
1 6684
1 9222
2 1117 5861
1 2494
2 5344 5927
1 7873
2 9081 1771
3 3701 8934 5949
3 4360 7746 2962
2 6454 1117
1 6664
2 342 6306
4 7197 5431 8253 6250
4 7912 2122 3935 6101
2 2696 8136
1 8794
4 8705 2031 6736 8663
2 5973 8366
1 7118
1 1369
1 2766
4 6454 6684 7476 6936
1 5951
2 2589 7370
1 3861
1 1186
2 7717 7415
2 8196 2934
2 8239 1355
1 6993
2 974 9173
1 5065
1 4998
1 5888
7 3284 7293 4116 6845 2161 5780 2028
5 6599 5886 7277 4300 7274
1 1623
2 3323 6873
2 1608 9279
4 8499 1102 1303 9169
7 1686 8774 7567 4748 950 783 1041
3 4801 3874 4779
4 751 5144 4147 5328
1 5492
1 8484
1 3379
2 3379 2963
1 9216
1 3327
1 9067
1 3423
2 9226 2421
1 5572
1 7157
1 4165
1 910
4 5755 723 6000 8527
2 3468 8273
3 6757 3596 680
1 6533
1 926
1 1226
3 539 8765 7998
1 2322
1 6403
1 5122
1 8106
1 1012
6 5618 459 327 4892 54 232
1 5676
3 3417 6618 3868
1 5153
2 138 2096
2 3605 3824
2 7887 8394
1 6079
1 3259
1 6868
1 4511
9 7358 4804 829 256 8277 2633 5481 8873 5991
1 5288
2 2351 1106
2 5869 8169
2 3539 8559
1 4102
2 5351 8283
2 2253 1116
1 8740
1 6447
1 6587
4 1962 7801 5923 5943
1 231
1 8187
3 6180 6253 1821
2 8852 291
1 3809
1 983
1 4477
3 4447 3779 1189
6 8352 3661 2390 1575 715 6790
1 3783
7 2205 1090 3301 2091 4556 7070 280
1 7160
1 1237
3 6342 8109 3967
1 1799
1 7291
1 8233
1 7078
1 4443
2 7198 1922
4 5907 6038 6612 2542
1 4040
2 5154 4306
1 1292
2 3570 5807
2 7187 7145
1 1890
1 277
4 8616 7559 4511 5707
1 2296
4 6462 5977 6767 5430
1 8587
3 833 2086 8695
1 1497
3 409 4255 991
4 3712 8660 8886 7164
1 36
1 2101
4 9098 3624 1673 4588
1 8005
1 908
1 7615
10 9020 7749 7798 2215 1775 1994 3554 3609 3442 6875
1 1858
1 5394
1 3476
2 8798 6584
1 384
1 2174
1 7142
1 2528
1 4197
1 5483
1 1778
1 8496
2 6272 8862
4 4899 5087 7884 3072
3 8662 348 6827
1 6518
2 6474 2525
4 7792 8903 7508 596
1 5108
1 73
1 3749
1 7386
2 2765 4445
2 7725 8757
2 419 1246
2 8137 3563
1 3387
1 1059
1 6919
4 3465 5329 2278 5360
1 9162
4 5448 4144 565 8682
1 5432
1 5222
1 5432
1 5809
2 4581 8700
4 3590 1005 2443 5775
1 7931
1 489
1 2511
1 1588
4 815 1096 649 2618
10 1753 7190 7459 2703 2468 4821 5034 8612 515 8736
1 9291
1 4634
1 4114
1 6028
2 7036 6344
3 8611 7394 2312
2 2968 8210
2 4842 2840
2 1729 3643
1 4054
1 2062
5 2906 7526 6353 4925 9179
2 7266 7679
2 5260 2318
1 5223
1 8118
5 4091 266 2204 3864 1928
1 2379
2 2918 7287
1 2182
1 6184
1 1847
4 3975 8113 8903 816
1 1717
1 7920
2 9082 7138
1 5655
1 3447
22 6808 3673 7713 1628 2781 3829 5185 6744 9256 6525 6653 2506 3792 9114 9026 6505 6926 2817 8929 7564 3395 3519
3 9269 3957 713
1 4567
1 3947
1 7462
6 3211 1838 2870 7639 196 5719
4 3917 4784 8175 3383
1 6985
2 7963 7720
3 9219 5506 1138
1 55
1 6718
4 3752 5511 4201 1818
3 6613 3207 8963
1 2879
1 3556
2 2894 646
3 8097 3536 8790
3 7804 3821 3308
1 7085
2 4864 672
2 6017 6161
1 5934
2 8825 7373
1 3195
2 6008 4902
1 9356
2 1206 1097
3 6235 532 185
2 4387 6473
1 1008
1 659
2 8397 5949
5 265 6712 7755 6960 3840
2 6023 3346
6 2891 4402 6973 5458 1576 1582
1 1888
1 5780
1 4161
1 1355
4 5312 5893 6977 2533
4 5693 4174 3436 4362
1 4547
7 8672 407 403 249 5137 2826 1389
2 155 1280
7 1186 684 8144 1873 8180 8118 3337
1 5686
5 4429 2061 92 1596 6490
2 3475 1115
2 2251 7456
2 9303 5862
2 7933 4100
3 5026 683 8883
1 4801
1 2120
2 8089 5428
6 1562 8831 5369 9063 9201 8598
2 572 5596
1 5096
1 4493
1 3328
2 2618 6820
1 397
5 3222 5072 7206 8462 3148
4 64 1493 1812 2988
1 8843
3 9199 8805 6172
2 3071 1123
1 478
1 4624
1 7885
1 3929
1 8322
1 2013
4 7619 2238 1985 3376
1 3315
3 8919 8320 9288
1 7858
2 7730 5176
3 8207 9167 12
1 1940
1 2218
2 3231 3290
1 2910
1 1495
1 1930
1 5461
1 5189
1 7018
1 4593
2 2168 7853
1 8972
1 3067
2 2112 2706
1 9136
1 6787
2 6482 8516
3 881 1759 1837
1 8884
1 4399
1 1350
1 39
1 3460
2 7784 4037
2 2600 8208
2 7236 6968
2 4484 8892
1 3268
1 8629
3 8461 4092 6676
4 5781 7141 1465 5574
3 8800 3719 959
2 9210 7662
2 5025 819
2 5629 2704
2 5781 5910
1 1836
1 6092
1 5989
5 7821 3963 8072 5772 4383
1 6139
1 7388
1 2195
2 8413 4756
1 5781
1 3525
1 4604
1 5865
7 5193 8040 8682 130 5002 8936 5398
2 7821 3994
7 1647 8890 2762 906 3815 3081 6980
1 3124
1 6866
1 3902
4 8308 3056 5317 5949
2 6688 7266
1 8630
3 1954 5614 988
1 3222
4 9088 2097 4530 1816
3 2579 8711 1205
3 5201 975 671
1 2823
2 4279 5949
4 8523 271 5553 5228
1 2675
1 6661
6 8874 5253 7827 3047 9176 7395
6 8483 8703 3037 8327 5648 4163
2 6783 6295
4 1006 9080 9132 848
1 989
1 7925
2 7349 1864
1 1741
1 1602
2 4156 2875
2 2775 2361
2 3455 2002
1 17
2 8020 2377
6 7339 5721 5960 3359 1863 1364
2 5116 3530
3 8728 1707 5491
2 6698 5406
3 4223 7162 4157
1 3521
1 7406
7 7859 1856 8334 4308 498 6375 8120
1 7919
3 186 4240 4612
1 8428
1 7024
2 1012 7465
1 6583
1 2424
3 7305 8999 3061
1 615
4 1856 8018 3183 2313
5 1060 7335 6146 3212 1531
4 8504 1304 9129 7207
2 4632 3011
2 5381 3159
1 5949
2 3892 2562
2 6506 2264
5 4430 3537 7539 3803 830
3 6403 8079 5125
1 9050
1 7280
1 1022
2 5576 5219
6 7763 5949 7714 1603 2638 6078
3 5850 7689 3042
2 1057 6060
3 7057 2110 5530
3 5206 1786 8257
5 6781 7726 3937 2 8061
7 8256 7800 7653 1899 8503 9142 454
2 4916 6747
1 5949
1 5518
2 7331 8792
2 7899 120
3 3510 6766 3008
1 7609
2 6975 8297
4 8425 6092 8981 1878
1 5130
6 5194 2819 5585 2571 1613 2417
1 7436
4 5949 5239 1139 3817
1 4561
1 6626
2 1268 3146
3 504 737 6137
2 1324 1803
3 6305 135 656
5 7126 9178 8353 4917 3108
1 1353
3 7221 6425 4323
2 6498 5709
1 9301
1 7661
3 5039 4537 9353
3 9224 4923 4398
1 2077
3 1231 7219 363
3 7967 6553 7830
1 7074
1 7499
1 903
1 7863
1 8656
1 9193
1 9324
2 7831 5949
3 5352 3891 1880
2 2037 3966
1 6716
4 3924 337 2191 8095
1 5949
4 2990 955 183 6144
1 8307
1 4746
1 2527
2 6520 4683
2 8725 5949
1 9056
2 6829 7838
4 8116 4995 2997 5279
1 2538
2 1682 5910
3 6803 2697 6969
3 851 5496 1393
1 499
1 7082
4 5228 1690 5199 5069
3 8471 7368 8062
1 6066
5 7786 3972 8315 5032 2527
1 1767
1 8241
1 5767
1 6538
1 5712
1 5437
2 8174 7266
2 6901 1522
3 8861 891 5615
2 9115 944
1 512
1 9058
1 3025
3 1986 7224 4237
2 6608 4503
3 3296 1072 6047
