6858 1	8176 0	7954 0	5561 0	1133 0	6269 0
17 1	7188 0	5603 0
8259 1
1761 1	5599 0	2818 0	1672 0	4944 0	765 0	5949 0
223 1
6855 1
6429 1
5954 1
1897 1
621 1	3523 0	2822 0
6067 1
4011 1
4021 1
4242 1	6212 0	3115 0
6796 1
3107 1	4514 0
3855 1	2513 0
1363 1	9140 0
2868 1	1406 0	9091 0
1020 1	7264 0
7443 1
3781 1	8677 0
4218 1
6064 1
226 0
7220 1
5663 1
8937 1	3572 0	1004 0	2117 0	2001 0
1403 1
5249 1	1755 0	47 0
3743 1	4890 0
3700 1
530 1	3721 0
8270 1
7588 1	396 0
3096 1
1290 1
171 1
7999 1	6025 0	2712 0	6772 0
4531 1
7936 1
7630 1
5232 1
2254 1
2927 1
900 1	5867 0
4521 1
2207 1
5702 1
8270 1
2702 1
867 1
2712 1	6645 0
546 1	8270 0
3744 1
9146 1
2712 1	6318 0
4979 1	6798 0	9012 0
9350 1
8281 0
8270 1	1002 0
628 1
9212 1	6443 0	9157 0
900 1	5142 0
4921 1	4155 0	118 0	708 0
7220 1	3317 0	87 0
6241 1	2784 0
8270 1
9305 1
628 1
2712 1	5376 0	6787 0
2941 1
6399 1
3118 1	6190 0	1851 0	3531 0	295 0	7249 0	1238 0	2095 0
8270 0
7773 1
1058 1
7430 1
6459 1
5506 1
1288 1
6385 1
807 1	7589 0
3358 1	3302 0	8928 0	964 0	4670 0	3102 0	6181 0	3991 0	507 0	6586 0
1610 1
679 1	1830 0	4381 0	8290 0
2208 1
9190 1	1620 0	1440 0
1181 1
5105 1	4946 0	1917 0
900 1
1051 0
6835 1	1183 0
1811 1	8567 0	5294 0
3856 1
8536 0	9089 0
4257 1	867 0
4087 1
321 1	7604 0
2486 1	8129 0
1616 1
3732 1
4978 1
7220 1
8923 1	819 0
4887 1
2555 1	8362 0	7947 0
8580 1
4145 1
3255 1
9292 1
8544 1	7961 0
2527 1	6597 0
1805 1
4737 1
7712 1	1825 0
5412 1	6895 0
6953 1	2143 0
8698 1
1153 1
5030 1
5234 1
4291 1	1948 0
2301 1
9244 1
1325 1
1444 1	1906 0
7220 1
628 1
5949 1
1902 0
1567 1	194 0	2774 0	1461 0
5981 1
6870 1
4310 1	7605 0
26 1	3992 0
8270 1
486 1	4906 0
2076 1
2338 1
1245 1	333 0
2569 1	4126 0
8741 1
7220 1
4247 1
4017 1
1252 1
1935 1
7845 1
1718 1	1333 0	3001 0
2814 1
7030 1
5949 1	3432 0	3348 0	607 0
3433 0	8586 0
6905 1	5213 0	9068 0
3813 1
4177 1
4764 1
8846 1	4394 0
4239 1	867 0
900 1	6040 0	5894 0
8270 1
8270 1
8047 1	431 0	1211 0	1550 0
628 1
6367 1
7422 1	7285 0
3956 1	3331 0
7220 1
6442 1
9215 1
5287 1
8270 1
6214 1
6786 1	4589 0	4100 0	1426 0	3448 0	1010 0	8086 0
4095 1
1121 1	867 0	6941 0
4303 1	8270 0
289 1
1546 1	6192 0
2012 1
7049 1
1560 1
1449 0	2121 0
3693 1
2553 1
5992 1	8266 0	5387 0
867 1
711 1	4 0
900 1
4607 1
7861 1
4122 1	7690 0
900 1	1698 0
5705 1	6511 0	4490 0	5168 0
8902 1
3826 1	6113 0	6123 0
5830 1	6374 0	3472 0	2715 0	2712 0
2598 1
1044 1
8270 1
3242 1
5787 1	13 0	9217 0	3548 0
1722 1
923 1
2712 1
2527 1
4978 1
8385 1
3128 1
3372 1	773 0	1647 0	3089 0	5455 0	374 0	1532 0	3013 0	6282 0	2712 0	8317 0
379 1	4070 0
6843 0	1365 0
911 1
2712 1	5677 0	5501 0
4999 1
2843 1
6440 1
4741 1
9267 1
8247 1
8270 1
2176 1
6046 1
1899 1	3581 0	1896 0	5575 0
6438 1
4478 1
8270 1	5060 0
5092 1	2336 0
7362 1	1005 0	4555 0	2527 0
5345 1	4646 0	4815 0
628 1	2624 0
2651 1
8270 1	5503 0
472 1
2222 1
2712 1	7627 0
1857 1
2712 1	8072 0
3589 1
900 1	8270 0
900 1
2691 1	996 0	4870 0
923 1
6012 1	3298 0	8217 0
4013 1	5617 0
4607 1	8270 0
6594 1	2897 0
7541 1
6757 1	3869 0
867 1
867 1	1610 0
4978 1
3856 1
5048 1
8722 1	900 0
2370 0
8955 1	9137 0	9077 0
5472 1
3778 1	3240 0	2109 0	3990 0	7627 0	913 0	8409 0
1721 0
6918 1	4553 0	5286 0	5905 0
4743 1	8669 0
8950 1	8797 0
8270 1
2315 1	612 0	6561 0
8876 1	9021 0	5203 0	1930 0	1269 0	2729 0	5673 0	400 0	647 0	4415 0
1164 1
486 1
3947 1
867 1	4002 0
8270 1	3397 0
1496 1
1425 1
4000 1
8270 1
6516 1
257 1
209 0	4479 0	2527 0
1297 1	139 0
3993 1
8270 1
5186 1	3711 0	0 0
5746 1	6203 0	5307 0	3033 0	2790 0
2418 1	7015 0
4354 1
6229 1	6326 0
2695 1
2076 1	8228 0	1429 0
7641 1
8645 1
91 1
3920 1
2527 1	1795 0
1074 1	4172 0
1447 1	8913 0
4101 1
3844 1
4941 1	1987 0	4868 0	6765 0	7891 0	1855 0	6469 0	355 0	8679 0	7718 0
7238 1
2915 1	3162 0
4978 1	6552 0
3343 1	7847 0	781 0	4229 0	310 0	2189 0
7546 1	8004 0
7206 1	4475 0	6846 0	7854 0
9202 1	3180 0	8509 0	5372 0	1312 0
7938 1	547 0
2250 1	1011 0	6940 0
1438 1	6565 0	3333 0	4345 0	5347 0	681 0	7263 0	5668 0
628 1
121 1	1386 0
8270 1
1822 1
1715 1	2135 0
8658 1
3479 1
3193 1
657 1	2216 0	9270 0	5730 0	7202 0
1610 1
4457 1
8966 1
1884 1	663 0	1271 0
2909 1
613 1	1965 0
900 1
9274 1
2102 1
8833 0
3191 1	3591 0	3852 0	469 0	3834 0
9143 1	2416 0	103 0	2431 0
6450 1
6312 0	5443 0
2712 1	5167 0
1087 1
8912 1	8402 0	7941 0
725 1	678 0	3125 0	6928 0	3201 0	5235 0
3458 1
2786 1
3923 1
4381 1
5860 1	2270 0	2712 0
7427 1	3382 0
812 1	7966 0	1178 0	1418 0	6266 0
2413 1	5949 0
8471 1
8270 0
8270 1
2210 1	1271 0
4546 1	5849 0
5135 1
8158 1
2113 1	2156 0
8888 1	545 0
2068 1	7019 0	784 0
7562 1	3699 0
2505 1
5930 1
6412 1
3856 1	8270 0
1540 1	936 0
8270 1
7877 1	1966 0	7064 0	1274 0	3057 0
4095 1	7558 0
1271 1
2693 1
3307 1
3608 1
8933 1	7549 0
7147 1
2505 1
304 1
8081 1
3292 1
1669 1	199 0	3899 0	5699 0	3806 0
5639 1
8270 1	8645 0
4330 1
2630 1
2786 0	6507 0
6756 1
1130 1
6173 1
2597 1
6925 1
5470 1
1580 1	123 0	3051 0
6042 1	5300 0
1647 0	4869 0	7697 0
8071 1
6513 1
6417 1
3233 1
985 1
876 1	1760 0	7135 0
4848 0	8270 0
4363 1
7980 1
2983 1	5092 0	8599 0
6266 1	7764 0
1765 1
6247 1	1285 0
8878 1	839 0	2015 0
3606 1	5749 0
1264 1	2009 0	7864 0	6197 0	7215 0	7879 0	2886 0	1925 0	6974 0	5608 0	5689 0	38 0	4692 0	3445 0	5290 0	5935 0	6401 0	2712 0
8270 1
867 1	4406 0	80 0	7788 0	7367 0
146 1
175 1
5761 1
8822 1	1973 0
1169 1
8270 1
1148 1	9338 0	5379 0
2590 1
628 1
9321 1	581 0
4780 1	6668 0
2167 1
2293 1
900 1
2712 1
1944 1
1155 1	9171 0	2541 0	867 0
3643 1	6104 0	2883 0
5068 1	6397 0
3076 1
1593 1
3091 1	7088 0	2712 0
2489 1	867 0
3063 1
72 1
7710 1
5537 1	4127 0	8281 0
8270 1
7908 1
7220 1
3964 1
8958 1
900 1
900 1
6187 1
8270 1
7757 1
2319 1
491 1	7345 0
867 1	4095 0
6406 1	1220 0	7464 0
3698 1
5995 1	3969 0
2712 1
2059 1
4931 1	3297 0
8776 1
2712 1
8748 1
4095 0
2712 1	5092 0
4811 1
2308 1
2447 1
7716 1
2630 0	1288 0
6654 1	6962 0	2546 0	7968 0	7223 0	7424 0	8340 0	2717 0	2856 0	9096 0
6159 1
8270 1
3796 1	8200 0	3048 0	1605 0	7381 0	8915 0
2712 1	3053 0	3601 0
900 1
5013 1
8270 1
7738 1	888 0
3686 1
4978 1
867 1
5186 1	1579 0
3735 1
4999 1	4324 0	8314 0	7423 0	8541 0
2581 1
1618 1	6266 0	8746 0	3389 0
3718 1
3753 1
1644 1
6819 1
3405 1
59 1	1545 0	7140 0	796 0
3427 1	2803 0	5725 0
3050 1	3557 0	2380 0	7087 0
6231 1	3758 0
5339 0	4069 0
1573 1	7779 0
3335 1
2712 1
5215 1	610 0	6547 0
7560 1	9354 0	4184 0	517 0	398 0
7201 1
6234 1	999 0
2902 1
302 1
3761 1	3469 0	5658 0	732 0
2527 1	7574 0
3973 1
1484 1
8236 1
2702 1
5101 1
7832 1
8270 1
1325 1
749 1
628 1
2100 1
6991 1
7595 1
7641 1
52 1
3856 1	4978 0
5542 1	4341 0
1451 1	8325 0
2527 1	4700 0
6479 0	8270 0
8270 1
8270 1
210 1
2835 1
6367 1
3725 0
6709 1
1610 1
4305 1
3156 1
5880 1
7048 1	5722 0	7411 0	6959 0
446 1
1089 1	3960 0
3005 1
6193 1
1915 1
1352 1
1332 1	1964 0	3697 0	4247 0	2787 0
3388 1
5277 1
250 1
3870 1	2744 0
3281 1
5627 1
7283 1	2850 0
2966 1
9131 1
8270 1	7875 0	8247 0
8270 1
4333 1	1474 0
2275 1
5427 1
1192 1	1589 0
4319 1
4978 1
4538 1	5916 0	5731 0
2305 1	2712 0
2712 1	4370 0	2339 0	2575 0
867 1
6809 1	5107 0	228 0
2624 1
2989 1	2527 0
628 1
5906 1
3374 1
2618 1	6443 0
4042 1
5120 1	5781 0
8715 1
628 1
4095 1	6200 0	7257 0
1809 1
319 1
4847 1
859 1	3004 0	947 0	2782 0
3371 1	3541 0
1200 1
628 1
1565 1	5876 0	3948 0	8892 0	1258 0	5817 0	7783 0	4569 0	251 0	2459 0
4095 0
9092 1
485 1
88 1
2712 1
3722 1
867 1	7183 0
2411 1
1947 1	212 0	9059 0
5882 1	900 0
9281 1	4030 0
6566 1	8270 0
7220 1
6530 1	867 0
743 1
900 1
6298 1	7220 0
6351 1
6255 1	1125 0	5111 0	9157 0	9221 0
7796 1
8270 1
746 1	5035 0
2436 1
1515 1	1769 0	4191 0
100 1
2527 1	398 0
3437 1
8270 1
5710 1
867 0
2182 1	2235 0
817 1
536 1
7762 0
827 1	8270 0
2712 1
3730 0
5946 1	2255 0	3280 0	2824 0
8214 1
366 1
2837 1
8550 0
8994 1	3206 0
8639 1	3764 0	5956 0	602 0	4609 0	7715 0	6778 0	7045 0	410 0	8022 0	4049 0	4265 0
4607 1
6634 1
6879 1
4135 1	3708 0	6382 0
1808 1
6489 1
4978 1
8698 1
4095 1
2709 1	8651 0
6093 1	4611 0	8017 0	3085 0	457 0	5821 0
6670 1	7845 0
5405 1
2712 1	7452 0
900 1
900 1
6171 1
8270 1
220 1
9238 1	2141 0
825 1	4779 0	7802 0	1409 0	3357 0	7573 0	392 0
4208 0
545 1
4607 1
6679 1
698 1
5276 1
3787 1	1232 0	6457 0
4651 1
2505 1
3865 1
644 1
2252 1	8885 0
374 1	3998 0
4978 0	867 0
2701 1
3374 1	900 0
3623 1
8463 1
8281 1
6465 1
2025 1	2081 0
7290 1
5375 1	4000 0
6117 1
4078 1	9028 0	9064 0	5761 0	1446 0	7658 0	19 0
7860 1	8270 0
3890 1	2556 0	5510 0	9243 0
109 1
698 0
6339 1	1883 0
8942 1	5517 0	4522 0	2789 0	7111 0
7088 1	1233 0	2527 0
780 1	6908 0
9320 1	9093 0	2285 0
8338 1
529 1	6725 0
8470 1
900 1
4607 1
9345 1	5184 0
300 1
1485 1
5866 1	3909 0	2886 0	6059 0	8199 0	5252 0
2712 1	1445 0
7134 1	5976 0	393 0
7220 1
6238 1	6915 0
2712 1	1601 0
3152 1
3227 1	2374 0
2527 1
4978 1
9191 1
5191 1	8714 0	3170 0	2644 0
8270 1	4028 0
5453 1
8270 1
3477 1
8645 1	7220 0
7163 1	1114 0
4628 1	6043 0	2958 0
900 1	6126 0	2136 0
2554 1
9163 1
6853 0	6658 0
5545 1
4143 1
8466 1
9272 1	5742 0	5302 0	6205 0	2844 0	2785 0	1913 0	7742 0	2743 0	9357 0	5944 0	3289 0	449 0
7486 1	4759 0
6835 1
2712 1
900 1
4426 1
867 1
3646 1	395 0	8208 0	6898 0	8044 0
934 0
952 1	759 0
8617 1
900 1
6056 1	158 0
5475 1
900 1	3528 0	4860 0	5658 0	8772 0	6780 0	6568 0
7220 1
1325 1	7220 0	900 0
2712 1
1204 1
6169 1	2348 0
7778 1	3038 0	5717 0
4618 1
4542 1	8270 0
1766 1
4166 1
836 1	1087 0
1423 1
9326 1
2712 1
1457 1
3044 1
8270 1
4412 1
7796 1	867 0
2375 1
7220 1
5835 1	8358 0
6672 1	5698 0
6308 1
7220 1
2712 1
1536 1
9335 1	4605 0
1396 1
2658 1	5507 0
4095 1
4896 1
6534 1
2498 1
4607 1
8270 1	1024 0
4978 1
6641 1
1173 1
5640 1	8578 0
5200 1	6696 0	61 0
8270 1
6714 1
8270 1
6606 1	7571 0
7393 1
8013 1	3912 0
900 1	4095 0
5949 1	2932 0	395 0	8590 0
5359 1
6256 1	1721 0
1466 1	2746 0
6270 1	8801 0	5124 0	4671 0	1976 0
4023 1
2712 1	1765 0
5268 1
7220 1
900 0	1214 0
8326 1
8645 1
7568 1
2329 1	2595 0	687 0
6024 1
8270 1
8270 1
619 1
8809 1
2712 1
4400 1
628 1
7220 1
91 1
4366 1
7252 0	3746 0
1322 1	133 0	2299 0	5482 0	953 0	5571 0	5533 0
721 1	928 0
3737 1
8465 1
867 0
4879 1
595 1	688 0	6638 0	7371 0
7220 1
1253 1
6953 1	3136 0
522 1
2820 1
2154 1
2155 1
273 1
8214 1
8335 1
3190 1	691 0
9278 1
5701 1
2360 1
1014 1
6542 1
1585 1	7092 0
5282 1
4095 0
8247 1
8563 1	8530 0	6815 0	8358 0	5978 0	7340 0	3592 0	2170 0	8191 0	6075 0	8756 0
5374 1	1390 0
7685 1	16 0	3899 0
6304 1
5019 1	793 0	2070 0	9331 0	9241 0
899 1
8072 1	9030 0	3114 0	3772 0	5168 0	1465 0
3757 1
2744 1
5333 1
3137 1
2979 1	4543 0
2878 1
5388 1
7544 1
7220 1
6088 1
8864 1
2383 1
346 1
7299 0	1885 0	6789 0
264 0	3588 0
2510 1	2043 0	2372 0	8291 0	378 0	7479 0	7642 0
3567 1	6953 0
4154 1	8474 0
1785 1
5150 1	6468 0
6628 1	7770 1
3111 1
2712 1
4469 1	3345 0	2169 0	8489 0
8817 1	6727 0	8439 0	2733 0	1629 0
8842 1
2692 1	9051 0	5472 0	4079 0	7307 0	5259 0	6381 0	1263 0	285 0	3687 0	2072 0	5931 0	2032 0	7904 0	5634 0
4664 1
4486 1
2712 1	1777 0
3995 1
4253 1
7193 1	1597 0	554 0	4331 0	8826 0
1616 1
1213 1	6494 0	5396 0	550 0
4664 1
6953 1	8270 0
6953 1
5939 1	7957 0	4414 0
4070 1
4195 1	5652 0	5017 0	4369 0	5733 0	1633 0
8057 1
1560 0
9298 1
7220 1
2712 1
4063 1
3357 1	8152 0	8829 0	557 0
438 0	821 0
151 1
3087 1
7878 1
5949 1
9332 1
5862 1
5236 1	6952 0
6728 1
4337 1	6762 0	450 0	3267 0	8439 0	5191 0	5142 0
900 1
404 1
3763 1	2677 0
6188 1
4751 1
9313 1	8270 0
7194 1
7606 1
2681 1	1153 0
4975 1	8102 0
6659 1
6004 1	5537 0
8536 0
5038 1
753 1	1338 0
7156 1	4465 0	2527 0
9061 1	8882 0
2283 1
7534 1
6457 1	4458 0
900 1
5265 1
2689 1
4687 1	1762 0
4825 1
5218 1	6390 0
1038 1
2786 1
900 1
6835 1
1806 1
8270 1
4978 1
2630 1
6282 1	3013 0	3372 0
900 1	8270 0
2712 1	4617 0
8247 1
7150 1	8270 0
900 1
2281 1
3366 1
8270 0	2972 0
5304 1	5980 0	8989 0
8633 1
7908 1
6476 1
6539 1
32 1	5554 0
7220 0
7295 1
867 1
2012 1	1327 0
1112 0	6673 0	1557 0
3496 1	6282 0	3812 0
6933 1
3334 1	9149 0	7023 0	1230 0	112 0	2527 0
3265 0	6254 0
3086 1
8270 1
3896 1
4270 1	2984 0
1914 1
1031 1
6244 1
3367 1
2527 1
7220 1
5632 1
8270 1
91 1
1152 1
4978 1
82 1
2274 1
5504 1
3431 1	262 0	2018 0	5343 0
3068 1	3807 0	4703 0	2512 0	5177 0	1307 0	3178 0
628 1	1610 0
8615 1	6007 0	105 0
3474 1
8270 1	1859 0
8214 1
1961 1
4055 1
9122 1	4828 0	8341 0
1683 1
6706 1
5178 1	2433 0	2524 0
4005 1	8528 0
4095 1
7566 1	6484 0
4480 1	248 0
4840 1
2993 1
643 1
5611 1	7687 0	9339 0	2199 0	543 0
1612 0	7502 0
6229 1
6351 1
518 1
335 1
6519 1
1451 1
6215 1
4687 1
7116 1
8270 1
900 1
8075 1	7052 0	739 0
6491 1	1769 0
7186 1	2521 0	3835 0
3094 1
2181 1
1945 1
7242 1	7117 0
1038 1
8583 1	4830 0
3021 1
7637 1	1082 0
5301 1	234 0
1143 1
2778 1
1610 1
6901 1	2502 0
911 1
4744 1	867 0
3848 1	7220 0
8922 1	2527 0
2227 1
6675 1	2660 0	2378 0	6147 0
582 1	7637 0
734 1
7549 1
900 1
3093 1	6686 0
6464 1	8846 0	7554 0
3838 1
545 1	406 0
1153 1
336 1	7241 0	234 0
3597 1
7360 1
3311 1
7504 1	1311 0	7975 0	8139 0	8387 0
6351 1
5147 1
5103 1
7834 1	791 0
5301 1
5932 1	6557 0	2226 0
3140 1
8746 1
835 1	4228 0
2712 1
5370 1	108 0	2730 0	8493 0
2527 1	7611 0
1198 1	1548 0
7819 1	889 0
8270 1
514 1
3913 1
5529 1	5099 0
6788 1
294 1
628 0
5524 1	7711 0	2409 0	8821 0	6931 0	2627 0
3626 1
8270 1	4016 0
628 1	4642 0
2411 1	4811 0	3788 0
4978 1	6068 0
6519 1	305 0
3478 1
7656 1
385 1	2712 0
5023 1	2527 0
628 1
2712 1	5764 0
923 1
9198 1	8166 0
7225 1
2052 1
4778 1
8311 1	1861 0	7791 0
7575 1
7894 1
1075 1
5411 1
6693 1
303 1
5297 1
4095 0	2323 0
8037 1
4272 1
2478 1	1503 0	2630 0
6775 1	6070 0
3384 1	6651 0
1616 1	9289 0	5302 0	2742 0	524 0
101 1
4258 1
3944 1	9106 0	7460 0
9203 1	1705 0
5329 1
8050 1
545 1
1183 1	2578 0	1172 0
4722 1
6191 1	2822 0	1262 0	5422 0
1454 1
8988 0
8270 1
2353 1	5473 0	9205 0	7572 0	886 0	6509 0	5689 0	4134 0	4241 0	8872 0	1957 0	639 0	261 0	7937 0	8879 0	2482 0
994 1
1140 1
2590 1
900 1
688 1
900 1
8445 1	5573 0	3408 0	5142 0	6739 0
4077 1
5214 1	2371 0	9084 0	6471 0	3021 0	7501 0	2434 0	6280 0	4194 0	4364 0	20 0	4703 0	4886 0
3295 1
8992 1	2412 0
1794 1	5221 0
7390 1
7952 1	3613 0	37 0	4219 0	3652 0	2712 0
3710 1	4806 0	7697 0
5296 1
8964 1
4208 1
269 1
8617 1	1355 0	4351 0
1644 1
3660 1
6659 1
8807 1	2914 0	2378 0	6335 0	6026 0	2585 0	4150 0
1134 1
341 0
4813 1
923 1
2520 1
2712 1	6549 0	5922 0	4792 0	3668 0	1689 0
1658 1	5182 0	873 0	215 0	7428 0
7220 1
7220 1
867 1
2479 1	2415 0
628 1	1730 0	867 0
8435 1
4978 1
5745 1
1025 1
2951 1
5741 1	6922 0
8939 1	8467 0	8361 0
3532 1
2712 1
2183 1
4622 1
1162 1	1976 0	6890 0	8427 0	214 0
8996 1
4095 1
3753 1	6179 0
900 1
2712 1	3569 0	279 0
808 1
2838 1
2573 1
8441 1	5444 0
3818 1	6752 0
1589 1	3049 0	1647 0	797 0	288 0
7381 1	6175 0	8581 0
6614 1	977 0
6585 1
4095 1
7789 1	6110 0	8770 0	2712 0	1330 0	436 0
8364 1
7173 1
6133 1	5704 0
8279 1
900 1
2712 1
3755 1
7220 1
7553 1	174 0	5515 0
85 1	2069 0
6437 0	7035 0
6328 1	2206 0	5674 0	222 0	8333 0	1182 0
2642 1
6519 1	5949 0
7443 1
1481 1
4095 1
4978 1
2008 1	5168 0	7494 0
900 1	8270 0
3385 1
2448 1
3351 1
5267 1
4568 0	2190 0
6543 0
1624 1	6373 0	6332 0	9120 0
4281 1	7481 0	5710 0	8255 0
6556 1
890 1	4539 0	867 0
2863 1	2885 0
8270 1
1589 1
2712 1
437 1	554 0	4025 0	258 0	3347 0	3113 0
8270 1
4949 0	1489 0	7324 0
2284 1	590 0	2056 0	1225 0	6243 0	4313 0	7480 0	191 0	6085 0	6955 0	3069 0
5138 1
4338 1
900 1
8270 1
1533 1
4285 1	5391 0	3120 0	6851 0
7220 1
2926 1
900 1
4244 1	1129 0
1458 1	6976 0
1478 1
6965 1	395 0	3019 0	7968 0	4904 0	2411 0	4162 0
2712 1	2836 0
5378 1	7374 0	742 0	5759 0
8270 1
9337 1	7532 0	8949 0	3493 0
867 1
6156 1
1976 1
2998 1
2147 1
867 1
8960 1	2325 0
2163 1
2666 1
3679 1
2712 1	1328 0
958 1
7598 1
1067 1	8098 0
6266 1	868 0	2437 0	184 0	4723 0
3420 1
6816 1	2398 0
3320 1
1291 1	3198 0	5851 0	2586 0	900 0	1583 0
7220 1
4714 1
5159 1
2980 1
3392 1	8170 0	8010 0
5949 1
74 1
4346 1
8747 1	1558 0	6273 0	7700 0
5003 1	1195 0
4095 1
5728 1
900 1
1450 1	3100 1
8035 1	2023 0
6298 1
8064 0	293 0
900 1	3871 0	2057 0
7390 1
5348 1	5252 0	8881 0
5612 1
2712 1
137 1
2527 1
867 1	7600 0	2685 0	770 0	9163 0	6624 0
7320 1
4315 1
1616 1	1955 0
2527 1
4245 1	5309 0	6091 0	6572 0	8596 0	774 0	7059 0
805 1	2928 0	7254 0
4130 1	7953 1	8782 1
4791 0	7697 0
3505 1	774 0	5242 0	823 0	2446 0	8436 0
5393 1
381 1	4252 0
2124 1	5205 0	127 0	4726 0	2705 0
4978 1
1962 1
3026 1
6100 1
1300 1	5196 0	8812 0
2702 1
8219 1
8359 1
6061 1	2022 0
1140 1	212 0	225 0
2212 1
3304 1	3909 0
6373 1	5142 0	1307 0
5510 1
6529 1	463 0	740 0	5926 0	1416 0
2712 1	6145 0	4645 0
9104 1	6376 0	5008 0	8432 0
1819 1
506 1
6293 1
2712 1	6302 0	4594 0
7220 1
278 1
9257 1	6655 0	4235 0	1615 0	56 0	4585 0	1939 0	4888 0	131 0
8270 1
3555 1
4381 1	2874 0
7634 0
4659 1
8270 1	8853 0
395 1	5080 0	3859 0	2578 0	2411 0
3946 1	6754 0
6534 1
4350 1
2197 1
57 1
1154 1
5414 1	8959 0	7517 0	7083 0	981 0
477 1	221 0	1783 0	2164 0	4977 0	534 0
7706 1
9328 1
900 1
8270 1
7220 1
692 1
4032 1	3272 0
7220 1	5738 0	2590 0
6943 1	8590 0	3204 0
4341 1
2641 1
1926 1
1203 1
615 1	2200 0
4302 1
900 1	8309 0
8301 1	8379 0	3760 0	853 0
1676 1
7385 1	5049 0
8717 1	5074 0
628 1
755 1
9151 1
7723 1	7453 0
8628 1
2712 1
7454 1	6693 0	5569 0	6840 0
1105 1
6204 1
2527 1
1465 1
5117 1	8542 0	879 0	6616 0	4044 0	4587 0
7220 1
7402 1	6435 0
1610 1
5841 1
900 1
2712 1	5329 0
8270 1	3856 0
9164 1	5784 0
2588 1	8270 0	2561 0	900 0
4095 0
1165 1
8719 1
2712 1
7039 1
7491 1	3785 0
6637 1
1434 1	2899 0
2598 1
8270 1
1514 0
6779 1	3927 0	7944 0	203 0	4087 0	1589 0
5022 1
1295 1
3106 0	94 0	655 0
8214 1
867 1
5525 1
3457 1
2081 1
893 1
8270 1	2171 0
1958 1	8569 0	7243 0
867 1
1553 1	2132 0
2527 1
94 1
6019 1
236 1
114 1
8166 1	1248 0	1631 0
3745 1
2658 1	8710 0
2889 1	2233 0	79 0
523 1
2712 1
569 1	4858 0	7212 0	2292 0
339 1
3933 1	4024 0
2393 1
8270 1
5095 1	5081 0
9300 1	8415 0	6363 0
7729 1
4676 1
387 1
4318 1	8151 0
4978 1
4901 1
5295 1
8648 1
3639 1	2849 0
7271 1	8153 0
2986 1
2151 1
3119 1	5057 0
2382 1
2712 1	3508 0
2667 1
8337 1
8275 1
2712 1
6615 1	4702 0	2727 0	1094 0	6751 0	5494 0
530 1
6014 1	3059 0	1016 0	702 0	6485 0	1566 0
4808 1	8321 0	5649 0
5504 1
2712 1	496 0	8907 0	2898 0	8889 0	1128 0	4083 0	7332 0
5500 1
338 1
4004 1	6240 0
3084 1	3550 0	3243 0	5213 0	4444 0	6552 0	3453 0	6573 0
2217 0
343 1	8544 0	1516 0	2087 0	1029 0	3204 0	3276 0
4698 1	1610 0
628 1
1026 1	2925 0
5338 1	3189 0
708 1	8229 0	7962 0	7033 0
334 1
1945 1
7189 1
5076 1
8214 1
7771 1	1323 0
760 1
5859 1	5831 0
4629 1
6835 1	2463 0
3511 1
900 1
1177 1	9157 0	979 0	5813 0	6966 0
8536 1	8270 0
976 1
871 1
2845 1
4712 1
6746 1	3021 0	3544 0	7050 0	4648 0	4696 0	9159 0	2992 0	8953 0	4488 0	7380 0	9249 0
6996 1	9157 0	6882 0	468 0
7125 1
3898 1
6531 1
7220 1
4607 1
6356 1	9122 0
4533 1	95 0
682 1	6811 0	296 0	252 0	7051 0	2810 0	35 0	2566 0	7709 0	3761 0	7622 0
1589 1	3579 0
2712 1
2928 1	7503 0
6011 1
6659 1
1446 1	2411 0
2712 1
6604 1
8312 1
900 1
8049 0	7011 0	8835 0	5371 0	2799 0	9 0	2442 0
3827 1	4202 0	1901 0	9225 0	3596 0
7995 1
2960 1
8270 1
5754 1
7226 1
7493 1
2795 1	6869 0
6418 1
7220 1
762 1
2535 1
1491 1
6836 1
3705 1	2712 0
2290 1
7485 1
7404 1
4978 1
6481 1	4175 0
7985 1
2712 1	883 0
2478 1
716 1
5377 1	4010 0
6350 1	6383 0	29 0
7022 1
5447 1	668 0
479 1
8530 1	6637 0
1787 1
6480 1	1810 0
5582 1
7088 1	5872 0
5243 1	864 0
4862 1
7220 1
2864 1
3954 1	627 0
2712 1	1013 0
6174 1	867 0
2492 1	4993 0
470 1	6876 0
1289 1	4425 0
900 0	8247 0
867 1
5917 1
2712 1	5982 0
2712 1	6835 0	7271 0
8452 1
766 0
8270 1
9297 1
6050 1
4051 1
2956 1	356 0	2527 0
3258 1	1142 0
4298 1
912 1	3274 0	18 0
4086 0	8270 0
900 1	5728 0
1468 1	4356 0
6368 1	7808 0
6953 1	923 0	8726 0
4173 1	8741 0	3428 0	7240 0
5959 1
8012 1	7618 0	4328 0	9253 0
8681 1	1699 0	5839 0	1023 0	5583 0	8354 0
8270 1
583 1
799 1
7693 0	1788 0	606 0	1789 0
2955 1
3298 1
3623 1	1733 0
2041 1	5016 0	1544 0	6921 0	4123 0	5602 0
68 1	6631 0	4615 0	448 0	5577 0	8585 0	6822 0	5816 0	8067 0	7195 0	9232 0	6108 0	8803 0
1950 1
7502 1
6659 1
4650 1	3173 0
766 1	5033 0	1030 0	8191 0	6791 0
3020 0	8274 0
262 0	1035 0
8214 1
486 1
4007 1
729 1
6125 1	7758 0	8646 0	9316 0
5949 1
4978 1
1574 1
1093 1	4261 0
4148 1
2608 1
867 1
6862 1	4834 0
2712 1
4181 1
7407 1
8270 1
1706 1	575 0	418 0	6225 0
2712 0
5195 1
867 1
8522 1
5925 1
5900 1
9307 1
2615 1	1256 0	2425 0	4635 0	3443 0	4731 0	1692 0	3082 0	8330 0	7546 0	8768 0	6844 0	2604 0	2797 0	7704 0
1229 1
8652 1
4315 0
4141 1	6118 0
5881 1
1610 1	9305 0
7553 1
7761 1
8487 1
4534 1	929 0
1255 1
764 1
1070 1
2462 1
8247 1
1313 1
4848 1
8533 1
5942 1	5071 0
4435 1
1464 1	8859 0	4028 0	6642 0	2719 0
2712 1	9323 0
7538 1	484 0
7066 1
8143 1	4489 0	4517 0	2738 0
5271 1
2527 1	6420 0
6640 1
3564 1
8270 1
2848 1
867 1
4958 1
8635 1
900 1	8270 0
2291 1
6030 1
5833 1
4344 1
8732 1	323 0	1234 0
458 1	204 0
539 1	3762 0
5041 1
5306 0	3750 0	4347 0	1870 0	1784 0	789 0
2302 1	1692 0	8088 0	4731 0	2066 0
7199 1	2127 0	2490 0	4974 0
6930 1
8201 1
2712 1
3610 1
2581 1
1765 1	4732 0	6958 0	2809 0	1804 0	6710 0
1727 1
4607 1
1765 1	1592 0
7602 1
2978 1
8740 1	5537 0	7527 0
8309 1
1965 1
7220 1
2712 1	6761 0
6826 1
6935 1	8034 0
2556 1
622 1	7682 0
1455 1
3694 1	4358 0
7857 1
2588 0	7979 0
5877 1
2965 1
5006 1	1419 0	2647 0
5407 1	7310 0	3394 0	2480 0	8579 0
7856 1	2712 0
867 1	6830 0
3612 1
4378 1
5520 1	7735 0
8917 1	3082 0	6764 0	4270 0
7568 1	3439 0
7705 1	2712 0
2921 1	4003 0	1853 0	5570 0
6029 1
150 1	5776 0	1481 0	3581 0
7744 1
2975 1	9108 0
8270 1	900 0
8270 1
2712 1	3456 0
2649 1
8168 1
2527 1	7781 0	5504 0
900 1
2438 1
8642 1
2831 1
4613 1
8926 1	786 0
2678 1
149 1
8865 1	603 0	5854 0
4095 1
8270 1
1610 1
6770 1	7093 0	4755 0	9085 0	7698 0	8557 0
8554 1
2372 1
867 1
4262 1
2130 1
2712 1	1 0	8343 0	2692 0	7904 0	7958 0	5113 0
3324 1	6458 0	3304 0	7411 0
4742 1
4852 1
867 1
4608 1
2288 1	667 0
1664 1	2160 0
423 1	6048 0
1869 1
8270 1
5335 0
3979 1	5173 0	781 0
4403 1	5999 0	3079 0	564 0
900 1
6206 0	6677 0	2692 0	29 0
9299 0	4062 0
4388 1	1540 0	244 0	2261 0	8167 0	1764 0	8452 0	5118 0	8659 0	7482 0	1284 0
4939 1	5617 0
6771 1
3432 0	1579 0
2527 1	6409 0
395 1
369 1	4973 0	5918 0	5439 0
4478 1
3414 1
2003 1	1158 0	4203 0	2686 0	2526 0	2439 0
1309 1
3728 1
4872 1	1764 0	422 0
7916 1	493 0
5010 1	9154 0	1321 0	5056 0
7005 1	8091 0	7980 0
7916 1	8716 0
2515 1
2723 1	2914 0	4476 0	1107 0
1718 1
2721 1	1694 0	4302 0
8270 1
2618 1
1321 1	5744 0	5825 0	982 0
4088 1
4978 1
110 1	8041 0
5952 1	782 0	6529 0	106 0
9001 1
8270 0	1337 0
7085 1
867 1	4664 0
3552 1	1463 0	2255 0	6106 0	1723 0
8778 1
8789 1	3611 0	4349 0	7233 0	3046 0
7470 1	7878 0
1688 1
5337 1	1244 0
4978 1
1980 1	2147 0
295 1
6057 1	2576 0	4662 0
3642 1
7404 1
6622 1
2466 1	359 0
6216 1
2527 1
5305 1
2969 1
453 1
3734 1	5145 0	878 0
3914 1
8624 1	5856 0
3805 1
6674 0
8863 1
4661 1
6922 1	759 0
900 1
6953 1	2710 0
5814 1	4114 0
2531 1	8744 0	2680 0
2712 1
6003 1	3599 0
2724 1
7527 1
1453 1
5895 1
8237 1	8157 0
1921 1
7279 1	9097 0	9265 0
2411 1	9032 0
4857 1	7516 0	5897 0	6140 0
1687 1	5033 0	1494 0	6386 0
91 1
4741 1
6050 1	5001 0	5284 0	8166 0
4924 1
3285 1
7213 1
6313 1	8494 0	3976 0
2619 1
4095 1	1360 0
3123 1
1589 1
6256 1
867 1
8442 1	9086 0
900 1
4233 1
2712 1
5589 1
4983 1	630 0
4876 1
6027 1
3709 1	7432 0	1539 0
867 1
900 1
3256 1	3830 0	4812 0
1083 0	2019 0
8230 1
43 1	7405 0
867 1	1321 0
2712 1
1657 1	163 0
9148 1
8500 1
7220 1
5007 1	5486 0	5898 0	2021 0	6596 0	867 0	1320 0
98 1	6004 0
5667 1	4797 0
7220 1
442 1
2563 1
1294 1
6645 1	2620 0	2131 0
4082 1
978 1
6218 1	1091 0	6034 0
2355 1
1395 1
6693 1	2093 0	7132 0	2615 0	7158 0	3381 0	6267 0
7736 0	2690 0
2712 0
272 1	2888 0
6756 1
6889 1
7220 1	2505 0
95 1
1518 1
8270 1	3512 0
9100 1
1033 1
6491 1	2216 0	1887 0	7521 0	163 0	475 0	2415 0
2617 1
2051 1	6394 0
2260 0	5129 0
6222 1
7119 1	6170 0
7902 1	8025 0
4927 1	8183 0	9071 0
2368 1
2833 1	2171 0
672 1
2527 1
8485 1
4270 1
3204 1
2973 1	7426 0	800 0	7592 0
5672 1
7699 1	9310 0
9229 1
900 1	452 0
2133 1
8892 1
705 1
8738 1
3993 1
6220 1
8270 1
618 1
3325 1
2574 1	6750 0	9177 0
1046 1	3223 0	3110 0	3214 0
6177 1	7446 0
900 1
306 1
2590 1
5321 1
2527 1	1874 0
2946 1
3568 1	1886 0	5066 0
900 1
6004 1	395 0
2529 1
2949 1	8032 0	593 0	6289 0	2527 0	5082 0	340 0	2145 0
2712 1
4920 1	7569 0	5978 0	7817 0	997 0	1780 0	5902 0	5740 0
6359 1	4277 0
3182 1	6109 0	4119 0	3331 0
951 1	2500 0
4339 1
6609 1
7440 1
8719 1
7982 1	6656 0	3641 0
3882 1
8552 1
1085 1	9002 0	7454 0	3244 0
3582 1
4572 1	2764 0	4499 0	4369 0	3021 0	3774 0	2510 0	5883 0
3139 1	1507 0
6286 1
958 1	8255 0
2717 1	4711 0
212 1
4095 1
8223 1	3910 0	8126 0	7309 0	7037 0	4218 0	433 0
3345 1	4912 0
1919 1	3194 0	86 0
4641 1
4534 1
2503 1	4791 0
2712 1	788 0
1589 1	5339 0
6383 1	5402 0	3547 0	6058 0
5723 1	8217 0	7169 0
4346 1
6923 1	212 0	3928 0	3368 0
1221 1	4422 0	5143 0
6839 1
3665 1
8000 1	5896 0
2712 1
8309 1
5250 0	4873 0
443 1	4895 0	3000 0
1439 1
6237 1
3209 1
7598 1	8948 0
1947 1	6190 0
2374 1	9144 0
5230 1	5262 0
5985 1	5771 0	4256 0	4035 0	5506 0
5800 1
624 1
2343 1
1325 0
4170 1
6953 1
1630 1	867 0
900 1	435 0
9305 1
4833 1	7222 0
6347 1
980 1
2741 1	8386 0	2300 0	1221 0	7652 0
1443 0
6685 1
8142 1
900 1
4744 1	1086 0
976 1
867 1
3234 1
3771 1
8417 1
4374 1	135 0
1807 1	4220 0
4636 1
1459 1
8270 1	900 0
3083 1	255 0	7000 0	8286 0
6694 1
4657 0
5092 1	6385 0	2861 0
1537 1	549 0	1151 0	401 0	1738 0
7905 1
6830 1
3893 1	5705 0
7728 0	2024 0	900 0
3704 1
2712 1
8247 1
6835 1
909 1	5953 0	645 0
5220 1
1188 1
9035 1
7267 1
3220 1
5681 1	3406 0	50 0
7220 1
8512 1
3419 1
6294 1	3382 0	2527 0
2206 1	552 0
6230 1	7903 0	6701 0	6699 0
6157 0
3398 1
7404 1
1305 1
2679 1
2712 1	5657 0
3551 1
7220 1
2318 1
627 1	1169 0
5097 1
545 1
2522 1	3645 0	2712 0	2387 0
1589 1	849 0	7528 0	3672 0	2050 0	1594 0
5033 1
6072 1	3738 0	4419 0	4745 0	7275 0
4843 1	803 0
4216 1	5060 0
4022 1	6119 0	2753 0
867 1
9200 1	1487 0
6695 1
1595 1
5700 1	4095 0	4744 0
8270 1
2275 0	8518 0
6589 1	262 0	2853 0	3558 0	5827 0
57 1
8668 1
3181 1
2527 1
5892 1
6776 1	8077 0
8977 1
4978 1
4844 1
6740 1
900 1
5444 1
6713 1
7869 1
2637 1
4940 1
5777 1
967 1
6470 1
900 1	5265 0
5359 1
3007 1	40 0
93 1
5103 1
5968 1	867 0
5044 1
2428 1
1521 1	5141 0	2527 0
6099 0
9075 1	9102 0	7340 0
6199 1
3866 1	8165 0	454 0	24 0	1924 0	1661 0	3062 0	8551 0	2084 0	1001 0	3266 0	3186 0
6495 1
4033 1	9107 0	7316 0	3478 0
568 1	7025 0
2712 1
6586 0
900 1
665 1
8361 1	5957 0
1462 1	5410 0
396 1
212 1
8788 1
6340 1
2064 1	6912 0
6557 1	5736 0	8785 0	5401 0
2527 1	3135 0
4607 1
3261 1
2712 1	3577 0
4440 1	1962 0
2996 1	1052 0
2712 1	4570 0	8892 0
7220 1
8621 1
4978 1
7404 1
1525 1	9261 0
2851 1	2712 0	6668 0
5804 1	3158 0
5746 1	7932 0	1359 0	559 0	9190 0	5805 0
3644 1
8924 1	5357 0	3647 0	8683 0	5367 0	1135 0
1347 1
670 0	7518 0
6630 1
244 1
8945 1	8270 0
2326 1
4222 1
6297 1	847 0
9213 1	5444 0
2362 1
8645 1
4424 1
97 1	7511 0
340 1	2712 0
6329 1	7507 0	7027 0
9040 1
8247 1	8951 0
5233 1	4893 0
8671 1	691 0
4672 1	2376 0
6477 1
1234 1	5552 0	8451 0	8732 0
8114 1	1055 0
3077 1
5142 1
654 1
8382 1
1713 1	1174 0
4690 1	3669 0	5708 0	7483 0	2935 0	2000 0	7612 0	5292 0	4166 0
7990 1	1653 0	2613 0	2342 0	4602 0	1962 0	7355 0	6341 0	4053 0
9163 1
7908 1
628 1
724 1
4771 1
9276 1
1342 1
6004 1
8247 1	6953 0
3578 1
896 1	7716 0	7055 0
90 1	9009 0
4765 1	3294 0	5471 0	2728 0
3495 0	6892 0	9330 0
7220 1
1797 1
3869 1
4090 1
3697 1	5799 0	4703 0	5266 0	899 0	892 0	5278 0	852 0	2346 0	919 0
6659 1
5349 1
91 1
7068 1	7836 0	6137 0	4984 0	3017 0	5192 0	4788 0	8213 0	2272 0	4236 0	7547 0
867 1
867 1	6659 0
867 1
900 1
8537 1	3548 0
4645 0	3664 0
2344 1	5624 0	641 0
9150 1	4014 0
6016 1
8115 1
7544 1
1589 1
314 1	2453 0	673 0
2385 1
3847 1	5610 0
2712 1	1589 0
5726 1	6497 0	4296 0
5578 1
867 1
4089 1
900 1
8453 1
6770 1	4164 0	6998 0
1616 1
6489 1
1413 1	8074 0
2527 1	3400 0	352 0
6535 1
954 1	1104 0
8594 1	6481 0
3066 1
7753 1	7205 0	7565 0	5567 0	3605 0
8473 1
1374 1	3312 0
3340 1
1388 1
1484 0	8099 0
1796 1
8909 1
6564 1	2406 0
6835 1	8892 0	4950 0
2712 1	965 0	8880 0	2180 0
1840 1
867 1	2624 0
6835 1
4978 1
867 1
1501 1
3378 1
2601 1	8692 0	6705 0	5770 0
3179 1	4439 0	1564 0
837 1	8787 0	1823 0	4562 0	425 0	8971 0	1052 0	3634 0	5385 0	5487 0	5583 0	4480 0
865 1	7799 0
2478 1
4754 1	1931 0
3364 1
1427 1	3228 0	1800 0
4220 1
9242 1
5248 1	2248 0
299 1
3577 1
5246 1
7076 1	1315 0	6669 0
754 1	4018 0	6491 0	5527 0	3703 0
2362 1	5539 0
5540 1
2625 1	5792 0
6351 1	8270 0
5105 0
3446 1	2527 0	6073 0
2038 1
4978 1	4164 0
5504 1
8270 1
2592 1	7100 0	1635 0
8265 1
6356 1
91 1
1867 1
8408 1	1384 0
1610 1
3618 1
6491 1
6343 1
189 1	429 0
7626 1
7908 1
7220 1
628 1
4978 1
2475 1
3450 1	1680 0	3068 0	6813 0	5197 0
2832 1
3875 1	3039 0	7498 0
5258 1
8967 1
18 1	961 0	8046 0	1136 0
3883 1	1410 0	290 0	694 0
2514 1	7088 0
7294 1	5436 0
1589 1
3573 1
1626 1
1076 1	1042 0	4113 0	4045 0	3977 0
6077 1
8663 1
700 1	4900 0
1059 1
8961 1	2712 0
698 1
2645 1
4346 1	1984 0
8431 1	4225 0
875 1	5039 0
6189 1
8575 1	4667 0
976 1
117 1	8613 0
1151 1	1878 0
8600 1	9295 0
6894 1
4795 1	2055 0
7872 1	9285 0	900 0	8309 0
8997 0	9005 0
1722 1
6042 1	489 0	4803 0	8364 0	2399 0
3143 1
3789 0	976 0
6369 1	7968 0	8209 0
5229 0
9130 1	8402 0
8248 1	7080 0	4741 0	5949 0	6627 0
2712 1
5996 1
3149 1
976 1	7271 0
7775 1
1331 1
1697 1	2885 0	4837 0
308 1	4591 0	2717 0	6502 0	324 0	4259 0
5729 1
2771 1	2352 0	1895 0
227 1
3480 1
4095 1
6489 1
5916 1	506 0
595 1	6671 0
6715 1
7220 0
4095 0
2026 1	3130 0	2887 0
3490 1
900 1
669 1	3810 0	831 0
3064 1
579 1	6164 0
1662 1
3288 0
6709 1	1127 0
8270 1	5803 0
8270 1
5368 1	3688 0	2507 0	904 0
8075 1
9070 1
8837 0	7986 0
548 0	9094 0
900 1	7166 0
1279 1	7038 0	2712 0	173 0
2712 1	8802 0	6183 0
662 1
3342 1
119 1	5713 0
3192 1	7839 0
7170 1	4668 0	3219 0	4348 0
2786 1
1951 1
1310 1
5132 1	1446 0
4298 1
9274 1
628 1
2527 1
7962 1
8323 1	3262 0	7169 0	2311 0	2467 0	2527 0
4107 1
6469 1
3132 1
900 1
805 1
2105 1
7580 1	5878 0
8270 1
4978 1
3089 1	8096 0	797 0	5455 0
8252 1	6522 0
9160 1	234 0
5845 1
1675 1	7209 0	8344 0
2505 1
5730 1	4152 0	8312 0	4994 0	4961 0	8082 0	163 0	3513 0
8270 1
4114 1
3415 1	7115 0	840 0
2712 1
5756 1
3884 1
6821 1
4095 0
7796 1
5751 1
5441 1	7046 0	3859 0
8690 1	8405 0
7607 1
8586 1
2186 1
8066 1
1744 1
5698 1
382 1	8090 0	3 0
6207 1	338 0
240 1
5490 1
6806 1	7701 0
5401 1
6349 1	648 0	8735 0	8855 0
2539 1	4302 0	2363 0	2676 0	5794 0
5460 1
7220 1
1605 1	7570 0	7503 0	2142 0
7796 1
900 1
4508 1	6540 0
1156 1
8247 1
4282 1
2137 1	3839 0	6921 0
1577 1
27 1	566 0
7613 1
4095 1
8270 1
5148 1	4857 0	2211 0
8303 1	5963 0
3843 1	8845 0	7056 0	7466 0	2165 0
2094 1
4841 1	3065 0	5502 0	7741 0
7988 1
1144 1
3689 1	5454 0	8583 0
7262 1
6953 1
4390 1
2712 1	778 0	5485 0	5609 0
8607 1	1476 0	7721 0
4067 1
923 1
4952 1
8270 1
9296 1	2534 0
2405 1
2933 1	7359 0
578 1	3681 0
8745 1	566 0	2658 0
676 1
900 1
7660 1	2450 0	1272 0
6544 1	6071 0
7220 1	2011 0
2768 1	1118 0
4978 1
8916 1	4848 0
72 1	1339 0
6703 1	5643 0	5919 0
1048 1	4766 0	8514 0	6160 0	417 0	8006 0
6098 1	1448 0	8983 0
6263 1
7917 1
8414 1
874 1
1569 1	3867 0	6275 0
6350 1
2330 1
3264 1	8220 0
1408 1
7766 1	8887 0	5142 0	7983 0	3100 0
412 1	3360 0	6138 0
8306 1
5994 1
2772 1	8899 0
6114 1
3066 1
3905 1
4813 1	940 0
1755 1
5088 1	4595 0
5940 1
4619 1	4604 0
1021 1
867 1
5828 1	5140 0	1376 0	1523 0	6121 0	451 0	1599 0	4471 0
3055 1
8364 1
2712 1	394 0
6426 1	3054 0	2568 0	1334 0	8411 0
4823 1	8684 0	4836 0
4905 1
8543 1	2896 0	1007 0	8649 0	7911 0	3014 0
8555 1	3160 0	6523 0	5752 0	1918 0	8623 0	794 0	960 0	3237 0
8478 1
4320 1
7148 1	1908 0	4409 0
7968 1
8073 1
4881 1
1834 1	4509 0
2752 1
7196 1
5791 1	434 0
5949 1
4346 1
4335 1
8270 0	3676 0
1299 1
9086 1	4168 0	1095 0	8510 0	7756 0	5217 0
8270 1
933 1
3713 1
6150 1
8270 0
9074 1
4787 1
617 1	7419 0
6005 1	3013 0	8614 0	1695 0
7942 1	3825 0
1731 1
8270 1
8495 1
4357 1
7079 1	8270 0	900 0
7230 1	4120 0
2301 1	8270 0
4720 1
7544 1
5540 1
1336 1	1769 0	5904 0	7443 0
4158 1
3911 1
2007 1	4266 0
5382 1	7313 0	1047 0
1945 1
8270 1
696 1
7488 1
7924 1
2504 1
3451 1
7139 1
5847 1	6512 0	8180 0	2239 0
8513 1
6358 1
8991 1
2590 1	8270 0	2374 0	3374 0
1322 1	2622 0
9163 1	1371 0	4664 0	5635 0	6366 0	7740 0	7321 0	8995 0
5580 1	5188 0	3075 0	7596 0	6715 0	218 0
9248 1
4678 1	3300 0	754 0	2527 0	1643 0
2527 1
5348 1
1319 1
3161 1	6491 0	7435 0
1559 1	4421 0	5790 0
4820 1	2264 0	4940 0	7478 0	3692 0	5879 0	8319 0	58 0	5920 0	5836 0
2736 0	4380 0
5105 1	2527 0
5169 1
5254 1
533 1
1748 1	3862 0
7105 1	489 0
8908 0	1051 0
7461 1
9194 1	6964 0	3226 0
6001 1	5964 0
5909 1	3845 0	6178 0
7186 1	8906 0
3463 1
230 1
7270 1
738 1	8076 0	2632 0	6937 0	8293 0	5739 0	1779 0	1238 0	7546 0	67 0
775 1
2890 1
8371 1
4043 1
4978 1
7220 1
3798 1
2995 1
3879 0	8193 0
9263 1
6387 1	5207 0	4716 0
8601 1	5685 0
779 1	4691 0	236 0
3915 1
4601 1
3033 1	4757 0
8896 1	4882 0
7220 1
2187 1
2928 0	8589 0	3953 0	805 0
2004 1
9040 1
6792 1
1077 1	4332 0
5563 1	5336 0
2707 1
8101 1
8437 1
4125 1	8107 0	1871 0	1977 0	4186 0	1568 0	2665 0	7107 0
5972 1
658 1	880 0	5359 0
7289 1
4563 1	3858 0	1872 0
3095 1
1982 1
867 1
2324 1
4076 1
2954 1
867 1
6831 1	263 0	3602 0	8445 0
8859 1
4301 1	1704 0
2712 1	9355 0	9206 0
4677 1	8641 0	3961 0
4686 1
1607 1
1917 1
5504 1
7579 1
4460 1	2090 0
998 1	3129 0	309 0
1038 1
2712 1	4316 0	3498 0
3584 1
2712 1
5657 1	6501 0
2758 1
4289 1	7442 0	750 0
2403 1
8166 1	1265 0	8491 0
4790 1	2047 0	8856 0	2491 0
7982 1
6825 1	2820 0
4074 1
900 1
1627 1
6953 1	900 0
1099 1
6461 1	6690 0
705 1
2712 1
3153 1	3702 0
8560 1	8982 0
6296 1
5512 1
7529 1
7378 1	7014 0
4406 1
6600 1
5546 1
5497 1
5395 1	6665 0
2527 1	8166 0	3250 0
4095 1	867 0
5464 1	4691 0	3846 0
8604 1
1610 1
6446 1	3938 0
8954 1
6659 1
5926 1	3270 0
2712 1
8443 1	8031 0
7220 1
8270 1
8125 1
5718 1
5758 1	560 0
6357 0	8743 0
179 1	9258 0	3071 0
9153 1	1970 0	3432 0
1261 1
4728 1
4894 1
7837 1
2712 1	6575 0
8270 1
6777 1
8468 1
5759 1
2396 0	1108 0
2587 1	5180 0	7315 0
2914 1	5215 0
7846 1
2712 1	2071 0
1506 1	483 0	4462 0	4482 0	6573 0	3756 0	7319 0	776 0	5013 0
6246 1
885 1	7376 0
545 1
8190 1
2392 1	7520 0	6315 0	3769 0
339 1
7040 1
2712 1
7621 1
5679 1	1345 0	4368 0	2317 0	6667 0	262 0	8263 0	650 0	2400 0	5105 0	1194 0
454 1	5005 0	3467 0	5462 0	8296 0	6682 0
1153 1	2737 0	29 0
3968 1
3441 1
5692 1
965 1	1976 0	8135 0
690 1
2152 1
4978 1
6378 1	8841 0	375 0
1149 1	8617 0	4772 0	2810 0	2712 0
8911 1
1250 1	7702 0	8181 0
5706 1
8668 1
8810 1
2747 1
1270 1	722 0	8023 0	5565 0	4666 0
396 1
8895 1
1392 1
4095 1
8343 1	5094 0	436 0	8990 0	9349 0	5933 0
4760 1	9286 0	1552 0
4647 1
867 0
6347 1	6034 0	5659 0	4519 0
8855 1
8708 0
1110 1
2712 0
2370 1
8270 1
1032 1
5645 1	2473 0	8624 0	1043 0	2252 0
4095 1	8916 0	9258 0
544 1
5781 1	5479 0
6116 1	3782 0
4095 1
4978 1
1122 1
6663 1
6947 1
8299 1	7350 0
7544 1	8270 0
8133 1	2536 0
9266 1
3725 1
7220 1	4978 0
4452 1	3155 0	229 0	2049 0	7041 0	990 0
7095 1
8977 1	8395 0
5651 1	1239 0
2527 1
4159 1
900 1
6045 1
2662 1
253 1	2807 0
5911 1
1772 1
4466 1	8459 0
7171 1
9109 1	1276 0	4863 0	8673 0	689 0
3352 1
2903 1	2459 0	1356 0	3314 0
5864 1
2892 1
4978 1
1101 1
4182 1
8606 1	2682 0
5890 1
1306 1
6887 1	2527 0
1529 0
4158 1
7515 1	1938 0
2240 1
1191 1	7284 0
4791 1
5064 1	7431 0	7667 0
2991 1	7281 0
8509 1	6854 0	2527 0
4807 1
2821 1	3430 0	2432 0	4582 0
727 1
5666 1	563 0	930 0	5945 0
148 1
633 1
3869 1	7943 0	6266 0	6569 0
4124 0	4972 0	2712 0
6669 1	7581 0	4915 0
6093 1
140 1	2628 0	4502 0
7165 1
632 1
1069 1	8605 0	2527 0
2374 1
6683 1
867 1	2527 0
5580 1
3374 1	2518 0
7353 1
2358 1
2712 1	8835 0
5540 1
7153 1	2505 0
2712 1	5838 0
6486 1
63 1	4813 0
4012 1	4210 0
8051 1
4819 1
7585 1	4304 0	8295 0	6948 0
6573 1	7296 0	7904 0	7721 0	1701 0	6697 0
5690 1
2659 1	8866 0	1977 0
7069 1
7102 1
4264 1	2978 0
7807 1	7945 0	1505 0	7813 0
2116 1
628 1
6761 0	931 0
8420 1	6151 0	2357 0	8033 0
9230 1
6089 1
728 1	2252 0	1543 0	7357 0	6879 0	7881 0	7366 0	7469 0	1373 0	1019 0
8957 1	719 0
628 1
5142 1	834 0	1065 0
6433 1
5888 1
2712 1	6334 0
7034 1
456 0	4480 0
2054 1
795 1
6328 1
1941 1
971 1
867 1
1958 1	3638 0	3878 0	1477 0	5586 0	304 0
4305 1	6004 0
2712 1	1929 0	42 0
5105 1
5504 1
8010 1
2402 1
8270 1	3828 0
3171 1	6111 0	8749 0
8332 1	4680 0	5098 0
8433 1	4449 0
1614 1	3031 0	8111 0
3993 1
900 1
882 1
102 1
2527 1	4450 0	6491 0
4041 1
9073 1
3330 1
487 1	7724 0
867 1	5504 0
4371 0	5012 0
2718 1
9188 1	4513 0
9306 1	4441 0
867 1	9250 0
1271 1
3958 1	4626 0	4798 0	2763 0	600 0
2985 1
4761 1
5783 1
1126 1	2114 0
2259 1
4095 1
2777 1	4455 0	3216 0	1509 0	900 0
7719 1	3485 0
8389 1
628 1
867 1
7168 1
5180 1	3016 0
5105 1
274 1
2131 1	2369 0
4286 1	5930 0
844 1
7408 1
3577 1
4978 1
5600 1	7721 0
4095 1
1909 1
7220 1
6864 1
3605 1	6681 0
3951 1
637 1
6592 1	4797 0
4576 1	510 0	2682 0
5682 1	109 0	8771 0	4703 0	1534 0
5392 1	3177 0	1460 0
135 1
2712 1
9228 1
8804 0	794 0	1647 0
712 1	3876 0	5526 0
5238 1	4413 0	1029 0
4164 1	241 0	8145 0	6529 0
1080 1	6141 0	2470 0
2034 1
7540 1
6879 1
8645 1
7227 1
8155 1	6927 0
2549 1	473 0
8353 1
5822 1
8270 1
3147 1
8570 1
3504 1	6784 0
1488 1
9145 1	4407 0
4344 1
9027 1
6691 1
142 1
9007 1
628 1
6585 1	8192 0	5666 0	5101 0
7065 1
1790 1
301 1
8248 1	2920 0	1958 0	3167 0	2527 0	7929 0
8497 1
1319 1
4926 1	3651 0	8532 0	3363 0
2722 1	1875 0	8479 0	6006 0	6010 0
2731 1
6521 1
4095 1
148 1
7097 1
2157 1
7404 1	6472 0
8053 1	2359 0
1000 1	6545 0
900 1
900 1
2735 1	1273 0	8276 0
4325 1
4095 0
2712 1	7184 0
8247 1
7470 1	1570 0
44 1	5259 0	3831 0	4132 0
445 1
3557 1
166 1	2271 0	4408 0
4408 1
7220 1
798 1
9069 1	221 0	9205 0	3187 0	1355 0	1768 0
3814 1	5628 0	5097 0	2279 0	2591 0	620 0	6370 0	8755 0	7950 0	1056 0	3361 0
14 1
8146 1
5440 1	961 0	7336 0
1696 1
7915 1
3013 0
5023 1	6500 0
1395 1
6804 1
5504 1
2017 1	3269 0
5612 1
2374 1	8270 0	6578 0
2294 1
3425 1
3559 1	5630 0	8597 0	3579 0
900 1	7108 0
8593 1
2712 1
522 1	5948 0
4096 1
8032 1	7716 0
6316 1
9019 1	7003 0	5244 0
6069 1	1318 0
7627 1
1856 1	2527 0
6459 1
1610 1	7641 0
8784 1	3853 0	2612 0
900 1	938 0
735 1
4536 1	754 0	1868 0
757 1	5146 0	7191 0	7655 0	2961 0	2712 0
4978 1
2712 1
976 1
1217 1
2527 1	4624 0	7065 0	8104 0
3486 1
7921 1	730 0	4234 0	8486 0	1254 0
7697 1
2859 1
2712 1
4451 1
6953 1
6588 1	7525 0
440 1
6678 1
6004 1
7948 1
3544 1
5216 1
148 1
8065 1
3640 1	2481 0
7220 1
4095 1
8270 1
2624 0
4095 0
5544 1	8270 0
900 1
5421 1
8704 1	6938 0	7375 0	604 0
9309 1
7354 1	1520 0
7101 1
3345 1
1610 1
6997 1
5257 1
660 1	6408 0
846 1	6128 0	8569 0	6617 0
1325 1
6097 1	6548 0
2527 1
900 1
5046 1	15 0	3650 0
3570 1
9030 1	7169 0	9139 0
820 1
3684 1
5504 1
541 1	661 0	570 0	6611 0	6288 0
8270 1
2884 1
7155 1
3942 1
9095 0	2262 0
5949 1
7399 1
233 1
8106 1
2006 1	7812 0	6922 0	9016 0
6918 1
7247 1	3572 0	2378 0	741 0	6022 0
4047 1
867 1
6995 1
900 1
2930 1
4693 1
628 1
5957 1	3398 0
8580 1	8946 0	2527 0
2509 1
5105 1
1801 1
9147 1
7872 1
8368 1	1386 0
2167 1	6065 0
2441 1
1984 1	2234 0
8485 1
4171 1	3168 0
1674 1
626 1	594 0
1589 1	322 0	7401 0	2527 0
1802 1	8422 0
1197 1
4461 1
8270 1
2623 1	9126 0
5737 1	972 0	3412 0	1266 0	7982 0
1003 1
1510 1
3454 1	4418 0	1824 0	2256 0
6870 1	7271 0	7930 0	3344 0	1061 0
5105 1
5755 1
2712 1
2527 1	7338 0	1549 0
7038 1
497 1
710 1
8270 1
8211 1	8727 0
5041 1
4607 1
2639 1
3332 1
1610 1
8270 1
8247 1
6659 1	2805 0
4196 0	2834 0	5630 0	7522 0
377 1
1610 1
3484 1
6807 1
4431 1	6427 0	2700 0
5949 1	537 0
4715 1	3473 0	5619 0	871 0
3345 1	3015 0
7935 1
2712 1
834 1
2746 1	244 0
2564 0
787 1
1257 1
6721 1	2527 0	2712 0
867 1
867 0
5326 1	8198 0
1302 1
9039 1
3251 1	9139 0
170 1
1682 1
7020 1	6762 0	1911 0	3686 0
2158 1
3587 1
8270 1
5179 1
6009 1
3820 1
6031 1
9163 1	5463 0
900 1
8824 1	5688 0
640 1	3680 0	1053 0	7633 0
2786 1
7210 1
867 1
4058 1	5626 1
2882 1
7795 1
3949 1
4084 1
861 1
6350 1
4263 1	900 0
8634 1	6384 0
3903 1	2547 0
1100 1	1978 0	9346 0	1876 0	2605 0	5331 0	8240 0
190 1
900 1
7994 1	2793 0	2543 0	1852 0	5810 0	4278 0	3426 0
2548 1
6138 1	76 0	2527 0
3943 1
7004 1	5419 0	4619 0	5778 0
8973 1
2712 1
4433 1
6835 1
5107 1
900 1
1222 1
3506 1
5000 1
432 1	7794 0
3002 1
2010 1	2183 0	4497 0
3073 1
8226 1
3287 1
8894 1
7846 1
329 1	9004 0	3224 0	5584 0
3949 1
8781 1
338 0	4095 0
2712 0
1469 1	8564 0	1136 0
2712 1
2237 1	2111 0
9025 1	4109 0
2082 1
2527 1
2510 1	3748 0
6229 1	7220 0
521 1	7489 0	2847 0	2798 0	3091 0
7301 1
7200 1
900 1
7907 1
7964 1	281 0
5660 1	1678 0
3754 1
2872 1	8409 0
159 1
9031 1	22 0
2712 1	3411 0
5593 1
8916 0
3009 1	4254 0
2800 1	1085 0	505 0	3930 0
2712 1
628 1
6924 1
91 1
3098 1	9178 0
2275 1
4094 1	1682 0
3662 1	3968 0
6317 1
8270 1
8036 1	4149 0
1665 1	6764 0	1508 0	1228 0
2138 1	8281 0
638 1
8724 1	4283 0	8238 0
91 1
1610 1	9090 0
3819 1
3900 1
2203 1
447 1
5605 1
5858 1
4193 1
7288 1
1267 1
8645 1
5766 1
8270 1
2131 1
7845 1
4259 1	2527 0
197 1	3404 0	2306 0	4897 0	6763 0
3088 1
1442 1
5567 1
5695 1
782 1	3742 0
3696 1
7016 1
7365 1	2980 0
1947 1	4544 0
623 1	4850 0
4796 1	2104 0	2803 0
7245 1
566 1
164 1
820 1	1483 0	1943 0	161 0
1616 1
8328 1
1351 1	7544 0	2301 0
8733 1
437 1
5857 1
900 1
4849 1	3222 0	9258 0	3103 0	3616 0	4621 0	2269 0	6891 0
860 1	4893 0	7133 0
1348 1	17 0
3524 1	4508 0
1848 1
8729 1
8685 1	8419 0
4117 1
2873 1
5878 1
4114 1
6517 0	2121 0	2231 0	5119 0
4649 1
2702 1
5011 1	8177 0	4631 0
8946 1	9145 0
6567 1
6158 1
1610 1
1236 1
2051 1
867 1
8416 1
5060 1
2455 1
2712 1
1666 1
4848 1
6175 1
8015 1	1354 0	574 0	8363 0	845 0
900 1
486 1	7669 0
7010 1
1358 1	1460 0
976 1	3028 0	5208 0	7 0	859 0	2860 0	2527 0
5325 1	9264 0	3686 0	5204 0
900 1
6709 1
3759 1	3283 0
7220 1
1616 1	654 0
3242 1	838 0
3242 1
900 1
7220 1
6903 1	7932 0	4800 0	2074 0
7220 1
6096 1
1475 1
7969 1	3583 0	4574 0
6208 1	1997 0
9088 1	1063 0	4673 0
1610 0
993 1	3464 0
6436 1
3490 1	7772 0
3483 1	3213 0	8713 0
1974 1	8166 0	856 0
8470 1
745 1
1646 1
5623 1
867 1
6700 1
2560 1	6041 0
1610 1
1283 1
5623 1	6021 0	5465 0
8166 0	6050 0	1774 0	4664 0	8985 0	744 0	2865 0	792 0
1520 1	4140 0	8011 0	2171 0
867 1
3793 1
3767 1
1071 1
8491 1	7578 0
8645 1
1900 1	943 0	5903 0
3245 1	8768 0	351 0
5714 1
1765 1
9103 1	3247 0
5112 1
1609 1	6649 0	3393 0
4607 1
852 1	5363 0	7555 0
2712 1
7351 1	5724 0	246 0	1538 0	7785 0	5806 0	4552 0	4851 0
1981 1	4816 0	867 0	2527 0
562 1
5060 1
900 1
6416 1	3390 0	180 0
7645 1	5416 0
8087 1	6032 0	5965 0
275 1
5272 1
7972 1	3517 0	353 0	3282 0
6319 1
8244 1
466 1	5037 0	7513 0	2025 0	4294 0	4730 0
545 1	858 0
6799 1
9249 1
472 1	4770 0	264 0	2126 0
2219 1
9073 1	486 0
8901 1	5988 0
2581 1
1971 1	2791 0	5869 0	3146 0
4664 1
5889 1	2035 0
6037 1	7220 0
900 1
1506 1
7976 1
5170 1	8665 0
867 1
900 1
3724 1	8270 0
8270 1
1017 1
3074 1	8270 0
4920 1
3993 1
7084 1
3981 1
7872 1
4930 1
2779 1	3885 0
2150 1	4882 0
3577 1
4465 1	2426 0
4095 0
5323 1	5306 0	177 0	1511 0	6724 0	5678 0	957 0	9290 0	5096 0	6127 0	4293 0
754 1
104 1
2712 1	2487 0
7601 1
3471 1	763 0	6421 0	6856 0	843 0
628 1
4664 1
4558 1	1720 0
1344 1	1905 0	2912 0	1563 0
567 1	3637 0	286 0	3221 0	5971 0	5642 0
6211 1
1497 1
1561 1	7121 0
2967 1	3565 0	1240 0
538 1
7888 1
8270 1
5039 1	7176 0
1526 1	5033 0	6637 0
962 1	9246 0
542 1
1382 1	7751 0
9183 1
900 1	2295 0	2527 0
5480 1
6330 1
6298 1	8888 0
3800 1	201 0
6953 1
8222 1
8637 1	3726 0
8845 1	5914 0	8556 0
3380 1
4853 1
2065 1
1640 1
6733 1
1722 1
9024 1
2552 1
6621 1
1616 1
4315 1
6792 0	2527 0
5735 1	2929 0	6463 0	2328 0	4541 0
3116 1	2249 0	3041 0	1441 0
7832 1
2029 1
6435 1	517 0	8558 0	6033 0	780 0	1431 0	6850 0	2314 0
5945 1
262 1	136 0	3398 0
4046 0
3627 1	6929 0	3092 0	4774 0
3925 1
3516 1	1884 0	2764 0	2163 0	9259 0
7583 1
5697 1
3444 1	2861 0	9066 0
4048 1
2712 1
2527 1
5497 1
2880 1
5979 1
217 1
7591 1	3987 0	9011 0
867 1
863 1
1380 1	6953 0
3869 1
4001 1	7505 0	9045 0
7569 1	1322 0	6837 0
1967 1
6564 1
2590 1
2712 1
7418 0
2712 1
5967 1	608 0	8342 0
1361 1
6815 1
1907 0	7484 0
867 1	5303 0
4540 1	4835 0	2234 0
4578 1	8940 0	365 0
5637 1
4682 1
2786 1
4437 1
4978 1
7326 1	1435 0
2702 0
4341 1
8423 1
8270 1
4729 1
7657 0	1997 0	8108 0
4215 1
597 1
8382 1
125 1
7826 1
2808 1	4990 0	9294 0	7028 0
7512 1
338 1
2523 1
8871 1
8920 1
1176 1
4978 1
8270 1
7220 1	8536 0	2505 0	8270 0	87 0
4943 1
7747 1	2234 0
7537 1
2712 1
5078 1
545 1
4314 1	6647 0	8640 0	8054 0
9336 1
4779 1	733 0	6400 0	7043 0	7599 0
8527 1
6732 1
6659 1
571 0	8300 0
1116 1	5527 0	1769 0	7557 0	4771 0	3951 0	5478 0	1319 0
3715 1	6764 0	5621 0	5724 0	5356 0	7777 0	1203 0	3418 0
391 1	4983 0
4978 1
8846 1
7220 1
867 1
8529 1	8751 0
3777 1
4411 1	3873 0	580 0	7760 0
8590 1	362 0
480 0	1493 0
9163 1	7641 0
211 1	5811 0	8721 0
8590 1	7984 0
1111 1	3822 0	6536 0
5656 1
8281 1
7220 1
1414 1	2303 0
2712 1
5053 1
2343 1
8806 1	4735 0
522 1
900 1
7898 1
8021 1
8260 1	7312 0
3794 1
4352 1
2527 1	8576 0	2060 0	6083 0	1999 0
1059 1
6953 1	8608 0
4226 1	6268 0
5949 1
2332 1	4523 0
1730 1
6643 1	2959 0	7490 0
976 1
5251 1	7636 0	3946 0
486 1	4095 0
83 1
3434 1
7220 1
5883 1	5346 0	1843 0
6372 0	181 0
4095 1
2712 1
8270 1
8270 1
8270 1
304 1
8270 1	5134 0
5612 1
5151 1
1018 1	6192 0
7321 1
1610 1
8043 1	3535 0
6753 1	3254 0	2714 0	7449 0	8060 0
9184 1
7344 1
5466 1
4382 1
7327 1
4504 1
5105 1
8561 1
6039 1
5211 1
7220 1
6529 1
925 1
8834 1	6312 0	992 0
4529 1	3056 0	2712 0
8270 1
3640 1
8270 1
1377 1
2391 0
113 1
5532 1
2712 1	4512 0
298 1
9305 1
1616 1
4978 1
8444 1
6546 1
7069 1	9319 0
900 1
8194 1
3678 1
3091 1
2712 1
867 1
2911 1	6173 0
2030 1	555 0	3166 0
2220 1	8347 0	2527 0
2769 1
7743 1	4288 0
7535 1
6274 1
3657 1	6266 0
4750 1
3689 1	486 0
7846 1
9305 1
1776 1
7154 1	782 0
4095 1	4586 0	9073 0
2712 1
4654 1	4861 0	3768 0	9207 0	8131 0	8203 0	6863 0
4978 1
3407 1
4468 1
576 1
4883 1	802 0
6962 1
7621 1
146 1	7959 0
9231 0	2712 0
7977 1
5409 1	4885 0
1420 1	3343 0	5339 0
2527 1	703 0	1103 0	4956 0	2806 0	7099 0	5962 0	1059 0
6753 1
347 1	6814 0
4095 1
3514 1	4599 0
8681 1	4448 0	4284 0	5247 0
6950 1
4978 1
6266 1
8270 1
900 1	1275 0
8270 1
900 1
41 1
1660 1
1357 1	900 0
4649 0	1059 0
8247 1	8058 0
8270 1
900 1
8488 1	1716 0	4103 0	3435 0
5688 1	3230 0
698 1
5285 1
8888 1
1916 1
7451 1	331 0	818 0	4192 0	8693 0	1198 0	4423 0
900 1	6053 0	5102 0	494 0	1227 0
8270 1
4659 1
8709 1	5444 0
4209 1
2689 1	4674 0	5581 0
900 1
8446 1
2712 1
3566 1	1841 0	4532 0	5661 0	5240 0	832 0	3795 0	1199 0	8376 0	6062 0
1098 1
4942 1
6103 1
4232 1	5041 0
8400 1
2712 1
6735 1
4095 1
9079 1	4135 0	2610 0
900 1	8247 0	2895 0
6835 1
900 1	9119 0	2610 0	4089 0
2230 1	8267 0	5136 0
3733 1	3165 0	5399 0	4034 0	3823 0	3034 0	3291 0	8734 0
2624 1
976 1
3784 1
5826 1	6909 0
55 1	3349 0
2712 1	7089 0
3996 1
6614 1
7220 1
2527 1	140 0
3994 1
4782 1	4128 0
5050 1	4747 0	4018 0	2812 0	4376 0	1598 0
4095 0
900 1	8270 0
3319 1
2280 1
4095 1
6136 1
628 1
4967 1
4133 1
900 1	9261 0
9017 1
1171 1
8418 1	2414 0	1946 0	5842 0	598 0	4747 0	1530 0	4575 0	8003 0
7220 1
900 1
6153 1
3940 1
6768 1
7342 1
167 1	1844 0
4811 1
867 1
2213 1	4397 0	6226 0	4207 0
407 1
867 1
5415 1
1446 1	6835 0
7455 1	5420 0
5949 1
900 1	8270 1
3030 1
4224 1
867 1
2712 1	8316 0
5637 1	5155 0
5085 1	5786 0
3907 1	3794 0
7220 1
282 1
7872 1
6730 1
1407 1
4071 1
4256 1	9322 0	2544 0
7151 1
1591 1
7922 1
900 1
1165 1
6325 1
2527 1	8943 0	7204 0	2852 0	8528 0	3362 0
8270 1
9099 1
7220 1	900 0
3726 0	3561 0	704 0
8645 1
4095 1
8270 1
6659 1
7885 1	2241 0	2712 0
5540 1
3975 1	4826 0	8661 0	7753 0	3300 0	2053 0	4020 0	3787 0	3545 0
1828 1	5747 0
7883 1	9018 0	2022 0	9117 0
3133 1	5696 0
8916 1	5929 0
4607 1	3152 0
8590 1	2740 0	1500 0	3619 0	1222 0	4725 0	4162 0
4505 1
1355 1	70 0
4978 1
5059 1	8166 0	3999 0	2250 0
8026 1
8270 1
6835 1
8270 1
2720 1
2527 1	6266 0	9163 0
1143 1	7552 0
5884 1	6320 0
3980 1
6910 1
4623 1
5636 1
900 1	9189 0
5680 1
976 0	3149 0
4619 1
7072 1	7673 0	695 0	8271 0
4373 1	6951 0	7308 0
2527 1
1341 1
8214 1
5133 1	3377 0	5389 0
8247 1
929 1	4326 0	6483 0	7411 0	9152 0
6835 1	6979 0	2459 0	2064 0	1528 0	5165 0	3197 0
2149 1	8270 0
5720 1	525 0	1145 0	3575 0
7641 1	3336 0
1084 1	1332 0
1684 1
9351 1	192 0
2940 1	3126 0	8689 0	6692 0
5949 1
4867 1	8421 0	9029 0	2354 0
701 1
4607 1
8870 1
3765 1	6748 0
7880 1
7855 1	1251 0	9156 0	5061 0
8577 1	9260 0	1367 0
2867 1
5315 1
6529 1	1891 0
3573 1
1765 1	8270 0
25 1
900 1
3409 1
3707 1
7878 1
5949 1
3851 1
395 1	2661 0
7641 1
8905 1	335 0	1965 0	7149 0	5062 0
5587 1	3889 0	6186 0	6266 0	7587 0	7816 0
1610 1
8392 1
3682 1	5298 0	9053 0	2435 0	782 0
4095 1
7674 1
7666 1
3006 1	5366 0
1590 1
3236 1	6478 0
900 1	8058 0
8270 1	4794 0	900 0
8270 1
3628 1
8574 1	5444 0	7448 0	9069 0	7255 0	8980 0	126 0	373 0	3965 0	5296 0	4297 0	6500 0	7584 0	8232 0	7229 0	3157 0	6946 0
3252 1
28 1	8280 0	4214 0
5225 1
8270 1	4910 0
6756 1
6953 1
5661 1	1909 0
1399 1
7776 1	6266 0
8644 1	5974 0
628 1
2994 1	1910 0
2973 1	2527 0
8182 1	8613 0
8826 1	1551 0	6598 0	180 0
4817 1	7886 0	1266 0	198 0
2116 1	5504 0
7896 1
2239 1	7923 0	4112 0
8440 1	5086 0	4909 0
3354 1
5797 1
2776 1	4394 0
81 1	6404 0
8605 1
7506 1
6696 1
2527 1	9215 0
1977 1	877 0
2435 1
2712 1
628 1
8552 1
6322 1
4458 1	5047 0	1610 0
945 1
7220 1
6120 0	1402 0	7008 0
9340 1
9113 1
2397 1	3581 0	1899 0	6702 0	1224 0
3245 1
3373 1	6601 0	4569 0
900 1
7497 1
2119 1
5785 1	5853 0	7829 0
405 1
366 1
8270 1
2073 1	806 0
2712 1
4027 1	2309 0	6954 0	4767 0	353 0	4060 0
2712 1	8171 0	5166 0	8520 0	8080 0
3720 1
209 1
2194 1	4118 0	7377 0
2640 1	5644 0
4408 1
8407 1	8905 0	2384 0	1180 0	7304 0	553 0	6822 0	3497 0	7346 0
915 1
1750 1
5029 1
5788 1	4280 0	5128 0
4986 1
2044 1
3900 1
8270 1
2712 1
4221 1	2943 0	2388 0	4204 0	6554 0
3326 1	2340 0
541 1	2959 0	3723 0	7201 0	2527 0
5862 1
7404 1
4891 1
6052 1
8718 1
589 1
5566 1	9051 0
7678 1	3491 0	7993 0	4056 0	3271 0
697 1
2702 1
2201 1	761 0
587 1
3948 1
5796 1
5052 1
5411 1
2712 1	6860 0
7787 1
4938 1	6242 0	6210 0	2464 0
5411 1
5743 1	7026 0	2192 0
7708 1	4699 0
968 1	262 0	4870 0
2214 1
5269 1
4978 1	3144 0
4238 1
2020 1
4545 1	8696 0
754 1
4727 1
4889 1	8117 0	3343 0	7282 0	636 0	8133 0	4231 0	2732 0	5110 0	421 0
111 1	4822 0	2395 0
6339 1
8399 1
1896 1	6878 0
3356 1	675 0	8381 0
2712 1
5739 1
935 1	8130 0
8857 1	2974 0	2331 0	2712 0
6198 1
2948 1	7550 0
900 1
2508 1	4570 0
2635 1	8753 0
2750 1
5711 1
3060 1
5255 1	8270 0
8055 1
900 1
3396 1
4099 1
4309 1
7220 1
1430 1
7404 1
4584 1
6711 1
7220 1
4458 1
3900 1
7454 1
121 1	517 0	8720 0
3841 1
2829 1	2713 0
7433 1	1972 0
754 1
6729 1	4500 0	7524 0	488 0	4773 0
4093 1
6835 1
4314 1	6835 0
9033 1	7784 0
6923 0	6605 0	3686 0	8450 0
8979 1	3801 0	7624 0
8217 1	7169 0	7443 0
1159 1	3415 0
4095 1
5227 1
8582 1	4372 0	8270 0
8454 0	7955 0	9352 0	7104 0	2712 0	7047 0
900 1
8270 1
8270 1
6488 1
4734 0	850 0	5275 0	6082 0	6971 0	6659 0	2132 0
900 1	7220 0	8270 0
1255 1
160 1
4933 1
6880 1
2936 1
3869 1	9054 0	4205 0
2527 1
7809 1	4776 0	6625 0
503 1
8737 1
4607 1
4292 1	5662 0
900 1
1850 1	4541 0	1137 0
2712 1	7672 0	5380 0	1651 0
3622 1	121 0	5313 0
3548 1
6884 1	8839 0	1078 0
3993 1
2604 1	8568 0
4481 1	7670 0	3621 0
4962 1
2712 1	9215 0	2718 0
4249 1	1055 0	212 0
2712 1
7628 1	9145 0	4401 0
6835 1
460 1	1375 0	7644 0	7179 0	8268 0	276 0	2134 0
286 1
3677 0	314 0
6564 1
2532 1
3141 1
8380 1	2764 0
6504 1	611 0
7679 1	5677 0
1610 1
2527 1
8828 1	5622 0
3776 1
7509 1	5299 0
7258 1	7017 0	2578 0	8439 0
2209 0	6333 0
5462 1	900 0
4762 1	7297 0	1952 0	7649 0
4095 1
900 1
2712 1	8250 0	5191 0	8650 0
5073 1
1781 1	2760 0
8900 1	1016 0
5949 1	7304 0
1314 1
5310 1	1584 0	2310 0	6818 0
4416 1
5950 1
6051 1
8179 1
8270 1	6229 0	2505 0
7063 1
2370 1
3033 1	3585 0	4068 0	260 0	413 0
8270 1
6944 1
7589 1
6835 1
2497 1	7909 0
4295 1	9321 0
9047 1	551 0
7060 1	7317 0
2527 1	7671 0	677 0	4675 0
8760 1	3643 0	1349 0	1749 0	5761 0	4137 0
7030 1
8664 1	3901 0	7174 0	7494 0
5504 1
5021 1	8 0	490 0	2527 0
900 1	4384 0
2712 1
6361 1
900 1
2298 1	8249 0	3635 0
7769 1
1449 1
2916 1
1540 1
2315 1	4551 0
867 1
714 1
1862 1
3387 1
1893 1	1712 0
2268 1	1988 0
5083 1
4528 1
212 1
7752 1
7220 1	1325 0	6298 0
867 1	289 0
1610 1
3222 1
867 1
946 1
7803 1
3172 1	7703 0
968 1	5126 0
2783 1
7220 1
573 1
2567 1
3773 1	7878 0
8987 1
4727 1
4978 1	486 0
628 1
4989 1	4799 0
5729 1
9181 1	6833 0
8349 1	3019 0	6503 0	212 0
4527 1	2846 0	6473 0	5028 0	5986 0	5651 0	2729 0	1839 0
900 1
6529 1
6835 1
6961 1	7450 0
4410 1	2658 0	124 0
7330 1
5442 1
7251 1
3117 1	897 0	2572 0	1820 0
6659 1
4231 1
8588 1
6276 1	5322 0	9319 0	6105 0
6869 1	78 0	2807 0
2630 1	6728 0
297 1
867 1
2116 1
5171 1
8166 1	6093 0	826 0	2321 0
900 1
8869 1	7238 0
2046 1
7700 1
1983 1	7973 0
5245 1
2712 1
5009 1
8270 1	6338 0
8270 1
2483 1	6867 0	1378 0
6576 1	358 0
7161 1
870 1
8270 1
3499 1
628 1
939 1	1249 0
523 1
2399 1
2545 1
5798 0	8270 0
416 1
2734 1	1571 0
5104 1
6898 1
8707 1
2614 1	2728 0	6405 0
5938 1	6317 0	6836 0	1502 0
7737 1	8701 0
8534 1
4865 1	6990 0
8221 1
8270 1
7244 1	4095 0
4545 1
1792 1
900 1	2590 0	8270 0
900 0	8270 0
1277 1	3052 0
4198 1
502 1	7235 0
3481 1
4183 1	111 0
8270 1
3246 1	1702 0
5091 1
6259 1	7286 0
5949 1
2165 1	867 0
6659 1
3239 1	528 0
8270 1
6872 1
6080 1
3428 1	8507 0
8056 1	7870 0
6068 1
438 1	2788 0
6680 1	1693 0
2712 1	1433 0	2080 0
7391 1
8348 1	4551 0	7069 0	1758 0
8270 1	768 0
2333 1
6489 1
8220 1	8267 0	3312 0	3693 0	4554 0
8270 1
184 1	7961 0	6680 0	577 0
8270 1
5763 1
545 1	3090 0
5060 1
2810 1	7783 0
5509 1
8645 1
8270 1
5559 1	6794 0	2479 0
1896 1	9030 0
4334 1	1187 0
1610 1
8270 1
4607 1	9274 0
7643 1	2964 0
2527 1
7770 1
6537 1	4470 0	8484 0
7220 1
686 1
7951 1	867 0
854 1	6907 0
7677 1	4509 0
4964 1
4932 1
1917 1
1524 1
51 1
1610 1
4095 1	224 0	6834 0
4251 1	135 0
7608 1
9060 1	1472 0
8430 1
7783 1	5832 0
4095 1
900 1	3310 0	8093 0
900 1
6527 1
1383 1
91 1
2347 1	2590 0
2607 1	7141 0
4669 1
5650 1	900 0
2435 1	3465 0	1909 0	4874 0	9211 0	2636 0	8100 0	5998 0
7648 1	2472 0
8270 1
6393 1	2602 0	6623 0	8292 0
2465 1	5516 0
2900 1	4656 0
651 1	4775 0
7796 1
2051 1
6835 1
7695 1	6983 0	2401 0	5982 0	2042 0	7750 0	9327 0
3067 1
5429 1
7356 1
5774 1	4454 0
2813 1
8270 1	8247 0	2598 0
8270 0
1630 1
1865 1
7220 1
4818 1
2858 1	5751 0
6700 1	4108 0	4573 0
2527 1
1059 1
3973 1
6896 1	6514 0	1005 0	7337 0
2537 1	6129 0	2670 0
900 1
8323 1
4982 1
1743 1
7220 1
3959 1	441 0
8645 1
2712 1
1972 1
8278 1
4129 1
8270 1
9314 1	7220 0
7220 1
1714 1
6571 1	6284 0	422 0
7897 1	7329 0	2712 0
5187 1
5694 1	824 0	6457 0	2516 0	6449 0	7824 0	4948 0	6336 0	8827 0
2712 1
3710 1	8914 0	3372 0
2726 1
2069 1	6976 0
3750 1	3305 0	8759 0	7013 0	4115 0	5937 0	6013 0
77 1	7665 0	6953 0
900 1
4643 1
3329 1	3196 0	1125 0	162 0	1735 0
6392 1
8401 1
4557 1
5339 1	956 0
867 1
2422 1
900 1
2973 1	4525 0
6648 1
2448 1	6872 0
8728 1
7220 1	4389 0	8645 0
4876 1
8534 1
8947 1
6367 1
8270 1
900 1
9274 1
2286 1	1005 0	445 0
9015 1
91 1	5620 0
9344 1	5793 0
3513 1
9329 1
5606 1	1379 0	4302 0
1826 1
900 1	8345 0
3869 1
2770 1	1064 0
4353 1	517 0	8186 0	8404 0
6529 1
9166 1
1456 1	5758 0
6835 1
193 1	6391 0	7016 0	7852 0	3208 0	8613 0	8697 0	5455 0
5601 1	168 0	1877 0	1212 0
3507 1
6227 1	5693 0	4813 0	5488 0
4081 1	8247 0
4305 1
7404 1
3313 1	3020 0	6917 0	7759 0	3658 0	5899 0	9046 0	9127 0
7122 1
7185 1
3869 1
2712 1	1815 0	5558 0
3647 1	209 0	9128 0	7129 0	519 0
2712 1
7361 1	1990 0
2712 1	4793 0	6942 0	7939 0	5514 0	7113 0
3993 1
867 1
7103 1
1814 1	4600 0
169 1
7216 1	2173 0	6817 0	1640 0	7542 0	5261 0
6953 1
8229 1
2716 1	2499 0	857 0	7114 0	5970 0	3615 0	7753 0	1968 0	7278 0
2276 1	2527 0
4603 1	270 0
6953 1	2669 0
5435 1
1325 1
8029 1
5452 1
5042 1
4913 0
2618 1
1700 1	6541 0	2527 0
6816 1	5568 0
7311 1	8592 0
900 1	7430 0	9148 0
8270 1
3617 1	7472 0
900 1	7220 0	1325 0
4267 1
8502 1	2341 0	6414 0
2648 1
7220 1
6443 0	2618 0
8373 1
5553 1
3593 1
8270 1
900 1	5157 0	7477 0	7495 0	424 0
5427 1
4225 1
4393 1	1287 0
9175 1
8270 1
7220 1
2027 1
2527 1
7328 1
5105 1
8672 1	2166 0
2939 1
4978 1
3830 1
5625 1	2527 0
2370 1	292 0	7598 0
6897 1
2748 1	110 0
2707 1	2265 0	30 0	2616 0
7128 1	7220 0
2745 1	7397 0	1322 0	5404 0	1215 0	3463 0	752 0	7629 0	1953 0
6805 1
1329 1
1219 1
4095 1
3939 1
8419 1	8823 0
2527 1
5664 1	8986 0	9141 0	522 0
8270 1
4782 1
5541 1	9204 0
8424 1
2828 1	3948 0	5744 0
4290 1
4114 1	5433 0
7447 1
7220 1	430 0	6402 0	4645 0	6074 0	1473 0	1639 0	1787 0	4569 0	6379 0	5824 0
6369 1	3788 0
4664 1
6550 0	7220 0
2148 1
2816 1	804 0	1322 0	7256 0	4200 0	8805 0	3816 0	6911 0	5166 0
8968 1
4946 1
6526 1
376 1
628 1
8353 0	5590 0
5732 1	1050 0	6249 0	1039 0	7889 0	1811 0	8910 0	5417 0	5241 0	3045 0	4194 0	5161 0
4653 1
2597 1
4978 1	9305 0
4217 1
5103 1
2485 1
3249 1	1798 0	6514 0	6590 0	8383 0	1492 0	7131 0
6509 1	6090 0	21 0	4684 0
5164 1
8783 1
4958 1
3105 1	7666 0
9022 1
152 1
3374 1
3199 1
6410 1	4768 0
1642 1
6355 1
2527 1
805 1
8270 1
9305 1
1650 1
9192 1
900 1
3374 1
4906 1
8270 1
2926 1
1846 1
3202 1
7067 1
6223 1
6659 1
7457 1
4703 1
5224 0	5755 0
900 1
7416 1	3440 0	8501 0	3863 0
3799 1	3202 0	6321 0	1183 0
2307 1
1040 1
489 1
2871 1	1068 0
1649 1
3487 1	7928 0	1645 0	5588 0	5226 0	8477 0
9297 1	2980 0
2184 1
1109 1	7215 0
7694 1
6693 1	5166 0
5549 1	1937 0	9170 0
2098 1	8439 0	6962 0	8935 0	5548 0	3399 0	8647 0	212 0	6633 0	2469 0	4955 0
867 1
482 1
2584 1
8270 1	5858 0	8309 0
249 1
3355 1
7837 1	5324 0
1346 1	5190 0
2712 1
2712 1
3932 1	4614 0	8298 0
6492 1
6726 1	1185 0
4734 1
7867 1
1736 1	296 0
3775 1	8767 0
8850 1	2519 0	1030 0	7731 0
2116 1
2527 1	8128 0
7180 1	8823 0
7414 1
7260 1
2650 1	7514 0	3260 0
254 1	4352 0
2408 1	4911 0	4995 0	9097 0	3349 0	605 0	3450 0
5815 1	1480 0
1166 1
4361 1
7536 1	8269 0	7971 0	9237 0	8832 0	6411 0	6874 0	4705 0	3461 0
8188 0
2168 1
8270 1
1755 1	7068 0
474 1	1879 0
1141 1
5100 1
7565 1	6261 0
2634 1
9341 1	5821 0
3134 1
6633 1	6492 0
7842 1	2320 0	4271 0
4551 1	9038 0	3682 0
5100 1
7265 1
7061 1	2664 0
3594 1
5410 1
1710 1	2999 0
157 1
3150 0	4859 0
8780 1
3741 1	7688 0
1726 1
2825 1
5149 1	5316 0	7697 0
6588 1	6300 0
921 1	6291 0
8795 1
2175 1	5638 0	383 0	8016 0
6491 1
1791 1
5808 1	2166 0
9254 1
5410 1	8324 0	4317 0
4978 1
6758 1
7474 1
386 1
141 1
6934 1	5256 0
6970 1
3353 1
6636 1
1911 1
4329 1	7623 0
8059 1
8591 1
3804 1
8893 1	1045 0
1179 1
4336 1	3671 0	3971 0	8464 0	4534 0	7822 0	8121 0
5365 1	5729 0
1845 0	2558 0	6620 0	1087 0
1949 1
7659 1	6168 0
6886 1
1903 1	4065 0
2712 1
5408 1
9134 1
4515 1
176 1	8944 0	1641 0
3010 0	9055 0
2381 1	2881 0
1513 1	3850 0
3210 1
7234 1
3649 1	3534 0	132 0
8763 1
8184 1
4908 1
4639 1	8674 0
7785 1	5178 0	8336 0	6018 0	3338 0	7900 0
2524 1
8548 1	1843 0
5413 1	1260 0	2335 0	3950 0
2423 1	7754 0
4987 1
1397 1
3832 1
8377 1	1202 0	3043 0	492 0	4838 0	465 0	3370 0	3248 0	7444 0	9138 0	6939 0	107 0	5423 0	6989 0	6881 0	3024 0	8472 0	1432 0	5321 0	511 0	3988 0	8762 0	8694 0	2172 0	7325 0	5413 0
3985 1
2060 1	5975 0
1843 1
9161 1	5330 0
2904 1
3860 1
2712 1
2327 1
3478 1
5093 1	8931 0	3422 0
4749 1
7458 1
5386 1	7383 0	2527 0
4401 1
5802 1
8027 1
4087 1
4607 1
205 1
37 1
7892 1	7205 0	486 0	5329 0
3080 1
5562 1
4560 1
4146 1
2125 1
6510 1	6745 0
2877 1
7365 1
4404 1
2527 1	4908 0
7468 1	2527 0
5871 1
5669 1
6299 0
3070 1
96 1	4633 0
2712 1
1547 1
6981 1
188 1
3175 1
4898 1
5014 1
7616 1	2132 0
4559 1
2712 1
6757 1	318 0	2179 0	8927 0
6734 1	9034 0	1802 0
4098 1	5438 0
7120 1	2367 0	906 0	7352 0
5467 1
8566 1	4681 0
2712 1	3101 0
4733 1
6899 1
4777 1
4048 1
8687 1
4057 1
8364 1	3926 0	493 0	1942 0
2086 1	8813 0	1355 0	2749 0
2225 1
6495 0	7664 0	855 0	6245 0	2399 0
4031 0	3241 0	8014 0	4520 0	1992 0	4311 0	2079 0
9135 1	822 0	1942 0
8952 1
6357 1	4427 0
4871 1	3908 0	7782 0
2712 1	8452 0	5820 0	8122 0
976 1
7675 1
6693 1	2202 0	4734 0	1670 0	4738 0
6662 1
326 1	2527 0
4985 1	388 0
9083 1
403 1
2242 1	8452 0	2668 0	1411 0	6559 0
8364 1	3470 0	6689 0
3164 1
1209 1	2987 0
2712 1
3403 1
7755 1	7081 0
4740 1	8994 0
2661 1	6605 0	4598 0	3163 0
9311 1
4450 1
5984 1	7031 0
2712 1
3567 1	8458 0
7874 1
8574 1
84 1
8410 1
2712 1	6419 0
1882 1	2495 0
2712 1
4511 1
7352 1
7463 1
5779 1
9134 1	7551 0	5519 0
7292 1
9325 1	1743 0	4752 0	887 0
5949 1
5142 1
5451 0	3974 0
4464 1
4652 1
5355 1
2712 1	4806 0	5692 0
4458 1	2757 0
5912 1	5159 0
3922 1
5205 1
6213 1	2683 0
2297 1
3792 1
6741 1	5891 0	4719 0	8617 0
6227 1	129 0
782 1
7673 1
6217 1
9321 1
2373 1	736 0	3665 0	5123 0
5743 1
6084 1	8506 0	1888 0	5332 0
3085 0	7096 0
2794 1
1709 1
1632 1	357 0	8149 0
1709 1
2527 1
1259 1	1282 0	9168 0
5543 1	906 0	9057 0
8228 1	9220 0
156 1	2527 0
5445 1
5105 1
6514 1
6797 1
5845 1
2264 1
8998 1
5997 1	1991 0
8242 1	8657 0
7425 1
1015 1
8975 1	6832 0
9101 1
4884 1
1452 1
8246 1
8955 1
316 1
5528 1	4434 0	4343 0	8094 0
7992 1
8083 1
2711 1
9252 1	7692 0
2712 1
6610 1
6582 1
5592 1	9008 0
614 1	7510 0	1616 0
4809 1
6802 1
1119 1
8508 1
7410 1
6256 1	3176 0
2527 1
5846 1
1499 0	4914 0	4610 0	4167 0	296 0
33 1
5988 1
7750 1
1610 1
3229 1
2712 1
6349 1	666 0
2221 1
830 1	2621 0
2489 1
5540 1
8270 1	841 0
3232 1
7688 1
6135 1
1691 1
7192 1
9036 1
4709 1
1749 1	8291 0
2593 1	3975 0	5916 0	6441 0
8524 1	3365 0
476 1	4342 0	4506 0
2247 1	6131 0
6487 1	4269 0	1479 0	2236 0
2911 1	969 0	3509 0	3797 0
5597 1
3203 1	5576 0	2781 0
4694 1	4243 0
345 1
6 1	1150 0
5534 1	3780 0
6228 1
6352 1
1147 1
9124 1
9209 1
5089 1
7949 0	3636 0
8370 1
2527 1
1322 1
5573 1
8045 1
23 1	3391 0
9251 1	493 0
5156 1
7607 1
2406 1
6720 1
99 1
6849 1	8627 0
5531 1	516 0	7500 0
8476 1	3318 0	8643 0
8879 1	3503 0	2128 0	3527 0
4465 1
3109 1	4878 0
7341 1	4467 0	7688 0
4322 1
464 1	5795 0
9195 1
6364 1	6415 0
1482 1
8865 1	4704 0
7298 1	2123 0	7981 0	1317 0
6774 1
48 1
5684 1
7895 1
4590 1
428 1	6857 0
6130 1	2428 0
2869 1
5212 1
7387 1
7237 1	5837 0
1503 1	3078 0
6112 1
4597 1
6657 1
7841 1	2655 0
8636 1	8667 0	1486 0
7818 1
7617 0
1498 1	3040 0	809 0	1250 0	5789 0	7825 0	7417 0	3729 0	2815 0
8163 1
5885 1	9318 0	1193 0
6143 1	6020 0
3631 1
3018 1	5493 0
3185 1
3055 1
5342 1
4066 1	5383 0	2854 0	3145 0
9115 1
2366 1
493 1	5389 0
7646 1	5476 0
8105 1
7523 1
7307 1
8546 1
420 1
4453 1	4783 0	7075 0
3553 1
4806 1	4830 0
372 1
7248 1	8761 0
7653 1
4417 1	6076 0	5058 0
6081 1	3240 0
8854 1	4137 0	5239 0	7642 0	2083 0	4656 0
7862 1
1576 1
7543 1
5687 1	8251 0
7146 1
3184 1	7705 0	6738 0
2721 1	2153 0	42 0	7987 0	642 0
8672 1	8016 0
3293 1
8709 1
7302 1
5311 1	8206 0
9233 1	1572 0
2086 1	5901 0
2606 1	7098 0
6452 1
1728 1	1355 0	5983 0
4464 1
4104 1	325 0
3766 1	4907 0
2570 1
5263 1
429 1
7688 1
1663 1
2556 1
5522 1	2643 0	8204 0
2085 1
2907 1	2148 0
5908 1
5205 1	1223 0
2712 1
5114 1	3842 0
7688 1	2594 0	1996 0	1087 0
5158 1
6510 1
3459 0	6629 0
6986 1
2089 1
6248 1	2527 0
6986 1
3802 1
5641 1
2780 1
5949 1
1981 1
9121 1
2712 1
6500 1	2761 0	2148 0	2811 0
1668 1
7491 1	65 0	2596 0	2712 0
7844 1	2713 0
10 1
2460 1	2108 0
7530 1	60 0
3936 1
8836 1	172 0
7620 1
3706 1
5024 1
7705 1	4786 0	9078 0
1934 1	8039 0
8339 1	5921 0
4153 1
7913 1
4577 1
2530 1
6646 1
1826 1
6500 1
8218 1	7582 0
8808 0
2755 1	5499 0
7688 1	1670 0
5327 1
6760 1	7668 0	5015 0	2694 0
6055 1
7531 1
2196 1	7910 0	6260 0
4072 1
6182 1
8816 1
4061 1
7443 1	1834 0
1079 1	195 0	2618 0	9308 0	8740 0
5961 1
513 1	6310 0	5106 0	3468 0
4434 1	2005 0
7363 1	8626 0	23 0
145 1	779 0
2646 1	3552 0	8447 0	6260 0
2364 1
2356 1	8799 0	2444 0	1213 0	5949 0
3462 1	4377 0
4248 1
3552 1
7441 1
6142 1
2139 1
238 1
8517 1	5115 0	2681 0
9134 1	33 0
7688 1	66 0	4268 0
6704 1	7294 0	2618 0	1362 0	9105 0	9160 0
3500 1
5418 1
6664 1
1830 1
2517 1
721 1	7124 0
349 1
4995 1
8723 1
144 1
4966 1	3203 0
6524 1
4061 1	4679 0	3811 0	6303 0	7044 0	75 0
3476 1	7722 0
9333 1
6202 1	8103 0	46 0
2775 1
6629 1	5519 0
5955 1
2394 1	3235 0
9277 1
5647 0	8622 0
3138 1	344 0
6176 1
7545 1
5868 1
8900 1
5471 1	5819 0	7876 0
2244 1
1084 1
2527 1	5174 0
414 1	6842 0	1737 0
4438 1
6906 1
7909 1	7576 0
4379 1
4169 1
2078 1
5400 1
3904 1	4472 0
3187 1	6285 0
1169 1
311 1
4386 1
2477 1	1909 0
6717 1	5237 0	3655 0
5801 1
4176 1
7691 1
3887 1	2672 0
3880 1
2118 1
3280 1	8310 0
5280 1
9187 0
3035 1
7169 1	1031 0	4779 0	8004 0
8150 1
3210 1
1616 1
5354 1
7768 1
1120 1	8110 0
5949 1
3691 1
7132 1
8448 1	599 0
6623 1
7696 1
3888 1	4713 0	4564 0	6196 0	7412 0	868 0	8160 0	1160 0	7726 0	8969 0	9268 0	3395 0
6532 1	8618 0
7934 1	6277 0
8691 1
8984 1
4813 1
6194 1	467 0	5716 0	8941 0	1881 0
8374 1
2527 1
2451 1
1296 1	6551 0
5434 1	3807 0
1120 1	1296 0	1370 0
2712 1
5158 1
8123 1
4179 1
4707 1	9184 0
5162 1
7793 1
1355 1	1817 0
7806 1	554 0
8138 1
3934 1	9273 0
3538 1
4953 1
5308 1
6595 1
1956 1	8974 0
3492 1	4260 0	573 0
3058 1
4190 1
3462 1
4121 1
7416 1	3416 0
6279 1
6988 1
5844 1
4710 1
2982 1	1301 0
6579 1
3790 1
1166 1
70 1
5761 1
615 1
33 1
3808 1	1655 0
2901 1
5082 1	8993 0
1793 1	8331 0	5181 0	2386 0
4970 1
9284 1
3695 1	4947 0	6800 0	1541 0
3770 1	3670 0
2474 1
8739 1	7032 0	8752 0
6258 1
8426 1
629 1	937 0
2445 1	7850 0
616 1
415 1
8777 1
9197 1
1724 1
7896 1
455 1	4283 0	707 0	5941 0	5190 0
8490 1
6949 1	6493 0
867 1
5672 1	5209 0	7029 0
8851 1
6914 1
9317 1
2953 1
2712 1
2923 1	7683 0	4983 0
3666 1	2970 0
1625 1
6396 1
6221 1
7496 1
1934 1
7139 1
71 1
5469 1	756 0	2827 0	6885 0	7007 0
6871 1
3001 1
4341 1	3375 0	2488 0	1028 0	8539 0	313 0
2942 1	2618 0
7392 1
91 1	2893 0	9056 0
5765 1
2931 1
3253 1
1782 1
5913 1	1989 0	7960 0
5190 1
6087 1
7086 1
4839 1	6431 0
592 1
3792 1
9037 1
403 1	8602 0	5281 0
3185 1	7561 0
5556 1
4866 1
2311 1	8055 0	828 0	3857 0
317 1	2416 0	767 0	5874 0	8438 0	8932 0	5353 0	1326 0	7810 0	2609 0	3410 0
2944 1	1833 0
2712 1
471 1
7106 1
5020 1
4937 1
5535 1
8147 1	5131 0	5067 0	5949 0
2106 1
5949 1
3619 1
1286 1
9155 1	7181 0	1027 0	2945 0
4473 1	6555 0	7130 0	8492 0
664 1
3316 1
8791 1
9030 1	1710 0
1216 1	3895 0	2273 0	7821 0
7156 1
6323 1
6454 1
3941 1
984 1
8927 1	8202 0
6309 1	4151 0	6201 0	267 0
9134 1	8159 0	6251 0	2746 0
9042 1
6639 1	7494 0
6495 1
5373 1
7765 1	5630 0
7965 1
7865 1	6431 0
5924 1	8008 0	2527 0
5748 1
1659 1
2419 1
2663 1
7333 1	1516 0
5459 1
2712 1	1157 0
9123 1
8655 1
1175 1
4660 1
9283 1	9234 0
5239 1
3989 1
7086 1	9139 0	3598 0
7360 1
6632 1
4918 1
8875 1	3526 0
8289 1
1308 1
2224 1
2919 1	1493 0
4185 1
2673 1	4835 0
2610 1
2013 1
6271 1
1842 0	6581 0	731 0
6652 1	4877 0
8830 1	8298 0	2699 0	2067 0
3997 1	7840 0	7062 0
6570 1
3273 1	7739 0	7335 0
5513 1
6916 1
8364 1
5551 1
3255 1
5390 1	5457 0	5579 0
7182 1	6432 0
8480 1
7848 1
4959 1	4630 0
3430 1	312 0	6439 0	5142 0	5190 0
5641 1
6301 1
1975 1
1298 1	3574 0	5389 0
7175 1	949 0
4882 1
5823 1
200 1
1654 1
6982 1
239 1	6499 0
3253 1
8686 1
2334 1
8255 1	9065 0
6871 1	4854 0
5607 1	3716 0	6015 0
1385 1
1054 1	4981 0	3032 0
6743 1
4474 1	2527 0
1827 1
5018 1
8112 0
3533 1	7871 0	4592 0
9347 1	810 0
5969 1
3648 0	6217 0
7686 1	6999 0	8351 0
2802 1	5840 0	7421 0	9223 0
6563 1
1892 1
4192 1	6666 0	2058 0
3309 1
5949 1
8742 1	6904 0
9214 1
2839 1
5949 1
280 1
5212 1	2430 0
7767 1
6354 1
8702 1
2449 1	2553 0
6841 1	6475 0
7110 0
4738 1
5543 1	7387 0
4595 1	3467 0
8042 1	2957 0	6478 0	9116 0	917 0	8001 0
3413 1
8750 1
4595 1	4789 0	5183 0	5477 0
7152 1	4250 0
3945 1
4491 1	3593 0
5993 1	7321 0	9124 0	8127 0
5198 1
2129 1
1670 0
6644 1
5843 1
8814 1
2174 1
7931 1	4852 0	5863 0
8124 1	1285 0	962 0	5734 0	8390 0	6232 0
4111 1
7688 1
7137 1
898 1
3322 1	8365 0	3962 0	7647 0
7094 1
5675 1
6371 1
2527 1
866 1	1668 0	3169 0
9088 1
307 1
5212 1
3762 1	5873 0
5595 1
5675 1
3022 1	314 0
6994 1
134 1
2493 1	8189 0
2712 1
6833 1	7236 0	1458 0	8396 0
3121 1
4971 1	7716 0	6283 0	1110 0	9205 0	8674 0	560 0	4142 0	9182 0
8085 0	3739 0
2751 1	3489 0	8481 0	7348 0
7306 1	884 0
3877 1	427 0	685 0	4321 0	4275 0	2580 0
4495 1	8730 0	3727 0
2754 1
3238 1	6637 0	2671 0	4625 0	5450 0
8197 1
2924 1
2204 1	7090 0
259 1
8811 1
1832 1	4951 0	62 0	5202 0
1751 1
8482 1
1600 1
8019 1
995 1
8024 1
7991 1
6178 1
780 1	6677 0
2614 1	8119 0
6861 1
2263 1
8356 1	3301 0	2492 0	1131 0	354 0	5757 0	7707 0	1278 0	9044 0	8002 0	9003 0	1009 0
9236 1	5949 0
4688 1
4663 1	1831 0	7556 0
4031 1
970 1
2708 1
5949 1
4518 1	556 0
1756 1
4724 1
3522 1
6292 1	9195 0
4708 1
5773 1
577 1
2089 0
4211 1	539 0	8288 0	8356 0	6659 0	1501 0	3502 0
3906 1
2185 0	1788 0	3478 0	9178 0	1656 0
6124 1	4992 0
6165 1
3792 0
6345 1
237 1
3633 0
6444 1	1685 0
5949 1	5947 0	6466 0	4365 0
1606 1	9072 0	7471 0	2093 0
3872 1
9000 1
9287 1	209 0	2156 0
748 1
1616 1
3203 1
4019 1
4385 1
7918 1
4039 1	625 0
9342 1	9133 0
907 1
7268 1	1167 0
8547 1	2039 0
2273 1	3963 0
5875 1	4396 0	7114 0	187 0	771 0
7603 1
7343 1
3429 1
4097 1
2767 1	1372 0	747 0	2917 0	7178 0	5750 0
6036 1	8254 0
4779 1	2177 0
7882 1
1622 1
4616 1
1366 1	6508 0
5913 1	1340 0	8793 0	9255 0	7590 0
6893 1	6262 0
8891 1
6637 1
9311 1
8976 1	5781 0	5474 0
4287 1
4052 1
5079 1
9205 1	5319 0
1037 1
3518 1
5665 1	9037 0
8456 1
7071 1
4284 1
6185 1
1710 1	7494 0	5852 0
814 1	182 0
577 1
4359 1	1652 0	1638 0	8956 0
45 1
7946 1
1710 1
6092 1	8173 0	2796 0
5781 1
4180 1
7388 0	3546 0
8173 1
3571 1	7492 0
3994 1	2976 1
2841 1
2527 1	3893 0	4456 0	3994 0	7333 0
3994 1
7333 1	8375 0
1682 1	577 0	9263 0
6943 1	9235 0
5989 1	7259 0
3772 1
9093 1	1135 0	3685 0
3600 1
5594 1
4095 1
6848 1	3994 0	461 0	3036 0
5505 1	3598 0
7071 1	577 0
522 1	7733 0
3215 1	4779 0	1163 0	4450 0	3607 0	7553 0	577 0	7650 0
591 1	785 0	9282 0	7978 0
115 1
7851 1	1682 0	5705 0
7141 1	7109 0
3994 1
8632 1
9277 1
718 1	2804 0
2266 1
3303 1
5753 1	4507 0
5163 1
4880 1
9030 1	2107 0	5989 0
1894 1	7680 0
2937 1
2991 1
2429 1	9139 0	1421 0
6456 1
7259 0
2107 1
8544 1	7141 0	8072 0	2273 0	6286 0	1029 0
6987 1
2092 1	1747 0
2471 1	1555 0
1210 1	7211 0
4510 1
5949 1	508 0
2140 1	577 0	6195 0
2107 1	5781 0	9158 0	8425 0
6346 1	4496 0
9118 1
4367 1
3675 1
8919 1	6708 0
5318 1
3515 1	2517 0	6496 0
2653 1
6148 1
6656 1	2087 0
4739 1	8553 0
3833 1	3663 0
588 1	3881 0
7042 1
5910 1
1238 1	5691 0
8235 1	869 0	1467 0
5425 1	1398 0	6987 0	4620 0
6281 0
4383 1
7494 1	7388 0
3641 1	3994 0
4483 1
5479 1	2087 0	4695 0
8819 0
7156 1	1437 0
7914 1	6271 0
3886 1
8070 1
3029 1
2484 1
8372 1	5314 0
6162 1	6026 0	8339 0
1878 1	2107 0	1368 0	1208 0	3421 0
5862 1
997 1
1196 1	1763 0
6967 1	153 0	4139 0
8897 1
9125 1
6793 1
8261 1	6360 0
8471 1	3654 0	7653 0	1415 0
4059 1	3729 0	7322 0	7676 0	122 0	5361 0	2012 0	7167 0	2245 0	2025 0
8595 1	8766 0
2950 1
2087 1	6511 0	5781 0	2337 0
9271 1	5484 0	1835 0	5683 0
2565 1
5049 1	9330 0
360 1
6847 1
652 1
1960 0	8732 0	5040 0
8369 1
5654 1
2404 1
2452 1	8429 0
4805 1	6920 0
7273 1
4922 1	1517 0	3747 0	147 0	7073 0
5523 1	1703 0
901 1
1621 1
8384 1
2420 1
8918 1	3341 0	4696 0
5955 1
6605 1
1527 1
4355 1
5004 0	9087 0	3402 0	8030 0	6166 0
7487 1	6287 0
2501 0	535 0
70 1	4697 0
1841 1	7389 0	5762 0
8820 1
8786 1
2458 1	1355 0	5334 0
3549 1
974 1
8754 1	7940 0	4936 0	4230 0	178 0	2698 0	8849 0	4064 0	3731 0	7429 0
8775 1
6278 1	3919 0
958 1	8068 0
6801 1	540 0	7246 0
4919 1	6864 0
6422 1
8388 1
1446 1	5633 0
4640 1	8742 0
1389 1
1932 1
531 1
6224 1	1842 0
5987 1
8063 1	2045 0
1715 1
3520 1
2407 1
2000 1	3580 0
1168 1
33 1
3716 1	500 0
2610 1
4991 1	8162 0
2712 1
6239 1	8666 0
8028 1
585 1
1201 1	5358 0
1619 1
4187 1
1556 1	4852 0	9135 0	3620 0	5175 0
6434 1	3466 0	2527 0
987 1
1993 1	6227 0
7123 1	1247 0	3970 0
5077 1
7006 1
4655 1	2224 0
3952 1	3714 0	1405 0
7143 1	202 0
7500 1
4307 1	7232 0
6348 1
6257 1
2739 1
3921 1
7610 1
8154 1
5121 1
5818 1
3983 1	5293 0	2629 0	942 0	6430 0	8084 0
8905 1
2712 1
8904 1
9048 1
3836 1	8141 0	8106 0	5168 0
8287 0	7638 0	7021 0
1404 1
3824 1	1161 0	872 0	2440 0
790 1	1969 0
9348 1
3595 1	8205 0
1927 1	4269 0	8997 0	7369 0
2040 1
4498 1
5149 1
8403 1	2287 0
4131 1
335 1	5916 0	7563 0	8773 0
8670 1
3286 1	5949 0
2410 1
9185 1
5237 1
7372 0	6337 0	7814 0
1576 1	2830 0
4246 1
5670 1
4969 1	4810 0	4945 0	5172 0	7594 0	5870 0	5152 0	9280 0	2246 0	8970 0	7303 0	9043 0	4105 0	3452 0	3740 0	2611 0	7384 0	368 0	5350 0	2456 0
5949 1
7593 1
615 1
3653 1	7734 0
7276 1
6109 1
2266 1
3577 1	5127 0
8122 1
4031 1	2198 0
7890 1
7434 1
3352 1
1813 1
1062 1
1634 1
222 1	7744 0
1170 1	7528 0
8391 1
1412 1
2583 1	811 0
4212 1	7635 0
3279 1
5646 1	8584 0
8360 1	6619 0
8258 1	8449 0
4008 1
5807 1	5915 0
283 1
6324 1
5456 1
6380 1
5829 1
7379 1
9304 1
8877 1
5449 1	2073 0	8562 0
5706 1
5307 1	1355 0
6311 1	6852 0	1959 0
2088 1
5446 1	4565 0	7413 0	7203 0	4772 0
4327 1	8491 0
8818 1	3629 0
4327 1	4689 0	6095 0	5045 0
2603 1
2674 1
3955 1
4492 1	350 0
8898 0
6285 1
3982 1
4080 1
3577 1
6871 1
1381 1
7054 1
4845 0	5949 0	7437 0
1677 1	5139 0
2289 1
1998 1
1742 1
7091 1
4463 1
2866 1
6888 1	7434 0
1293 1	6486 0
31 1
49 1
5949 1
7318 1
3659 1
5468 1
5769 1
4312 1	3076 0	4638 0	8185 0
6154 0
509 1
8638 1
7774 1
389 1
2688 1	973 0
8620 1	1912 0
3560 1
245 1	6759 0	6828 0
4391 1	4596 0
7727 1	7388 0	8868 0	3901 0	6139 0
1669 1	8212 0
2193 1	1184 0	4758 0	8540 0
5703 1
6094 1
364 1	208 0	7239 0	1711 0	6445 0	4736 0
2427 1
4583 1	7663 0	4963 0	1073 0
7253 1
8610 1	371 0	3438 0
213 1	6972 0
1241 1	53 0
706 1
5966 1
315 1
5495 1
2725 1
2626 1	7745 0	6086 0
754 1
7956 1
8659 1
8521 1
243 1	1355 0
8412 1
1936 1
1604 1
1866 1
5328 1
4960 1	6773 0	4511 0
4276 1	6755 0
7266 1
7533 1
6810 1	3263 0
2674 1
8796 1	1343 0	3667 0
3567 1
4753 1
8567 1	7661 0	23 0	8697 0
1979 1
6236 1	2229 0	1387 0
3003 1	9014 0	520 0
2842 1
974 1	916 0
5958 1	4802 0
4934 1	7641 0
1681 1	4075 0
8069 1	4516 0	918 0
7970 1	1644 0	249 0	8659 0	8672 0
6978 1
3018 1	5848 0
5043 1
8848 1
426 1
8709 1
8243 1
1243 1
6448 1
1995 1	7242 0
1573 1
7398 1	2144 0
674 1
8048 1
8475 1	3736 0	4717 0
4281 1
4428 1
8140 1
403 1	5955 0
3576 1
3127 1
5423 1
3916 0	4965 0	489 0	2081 0	4395 0
6362 1	207 0
2669 1	9240 0	2947 0	6054 0	1671 0
2955 1
8916 1	8568 0	8855 0
6593 1
8140 1
2345 1	2862 0	3104 0
3562 1
6187 1	6219 0	3104 0
801 1
4188 1
8302 1
3683 1
941 1
9174 1
1504 1
8515 1	5564 0
8304 0	9147 0
699 1
1391 1	6574 0
1394 1	8009 0	7393 0
1737 1
5273 0	8263 0
948 1	9049 0
8978 1	1773 0
5536 1
4442 1	1933 0
8138 1
4293 1
3630 1
8355 1	2255 0	8675 0	8215 0	7681 0
2316 1	6795 0	7654 0	2257 0
8846 0
6785 1	3579 0	5144 0
2014 1	4935 0	6331 0	653 0	7684 0	4831 0	242 0	8318 0	7269 0	4526 0
7625 1	8654 0	914 0
8680 1
2656 1
6687 1
65 1
2496 1	932 0
1746 0	9041 0	978 0
6984 1	5283 0
5815 1	3774 0
2243 1
4644 1
1849 1
8457 1
6044 1
5498 1	5228 0
717 1
922 1	1581 0
7989 1	5063 0
2461 1	8326 0
1186 1
5521 1	6486 0
6451 1	8974 0	6749 0
2746 1
9111 1	8838 0	3717 0
3200 1	2394 0	6769 0
9110 1	726 0	7577 0
8619 1
4227 1	7989 0	5655 0	6163 0
7577 1
7926 1
4824 1
5231 1
7750 1	34 0	5834 0	9223 0
7396 1
2913 1
4579 1
966 1	5608 0
7577 1
5869 0	7577 0	2654 0	6486 0	3751 0
4862 1	7653 0	3581 0
7053 1	5031 0
8027 1
6455 1
1860 1
5560 1
8571 1
4814 0
5788 1
8699 1
3151 1	4785 0
4785 1	6155 0	2365 0
7272 1
1726 1	3603 0
8815 1
2258 1	8609 0
5274 1
1287 1
6963 1	8004 0	2016 0
4763 1	7805 0	3674 0
5887 1
1066 1	4665 0	4968 0	2905 0
1739 1	1889 0	4136 0
7868 1	5051 0
3623 1
7974 1	2599 0	2801 0
3604 1
361 1
5270 1	6707 0	8398 0
3918 1	7156 0	631 0	7077 0
1679 1
6902 1	1757 0
7364 1
154 1	1854 0	7475 0	6252 0
634 1	3789 0	3479 0	6907 0	9013 0
4996 1	2908 0	6049 0	3897 0	3837 0
389 0
3401 1
7347 1
1725 1
8007 1
4375 1
5109 1
8438 1
7906 1
1637 1	5613 0	8965 0	4189 0	3697 0	6823 0
8469 1	3603 0
1207 1
3614 1
7159 1
2773 1	6737 0	561 0
7893 1
3540 1	5727 0
6389 1
8930 1
5070 1	11 0
6664 1	7866 0
3961 1
1740 1	1034 0	6264 0	8378 0
3299 1
4988 1
2232 1
9186 1
758 1	7669 0	5426 0
5653 1	4571 0	4769 0	399 0
900 1
7002 1
5550 1
6428 1
6209 1
1092 1	6365 0	3791 0
5620 1	6558 0	7651 0	5506 0	4110 0
4906 1
3350 1
4503 1
5054 1
2350 1
527 1
1218 1
558 1	3605 0
2527 1
8161 1
8285 1
8227 1
7177 1
1708 1
708 1	8769 0
3854 1	9173 0
8573 1
4299 1	7732 0	6942 0	4627 0	4637 0	8350 0	3894 0	2756 0
4050 1
4419 1
963 1	6680 0
7657 1	6314 0
8231 1
6719 1
2577 1
6467 1	1417 0
6992 1
235 1	976 0
2223 1	2263 0
1153 1
7439 1
1207 1
5210 1
8519 1	8779 0	2282 0
6812 1	8545 0	6580 0
905 1
9315 1
7849 1
6900 1	3112 0
9076 1
7314 1
4199 1
4465 1	5616 0
9258 1
8549 1	5237 0
6838 1
8538 0	3217 0
1898 1
8860 0
9312 1	5027 0	2304 0	2099 0
7214 1	1904 0
8921 1
2540 1
4494 1	7640 0
4436 1
5508 1	7996 0
4138 1	2264 0	5508 0
5341 1
895 1
8678 1
4416 1
2036 1
7266 1
5075 1
580 1	219 0
4903 1	3275 0
4781 1	6423 0
6650 1	7261 0
4954 1
7815 1	2457 0
6167 1	247 0	128 0	5362 0
7632 1	3984 0	2652 0	8731 0	569 0	9239 0	7823 0	4549 0	332 0	3369 0	7036 0	8195 0	462 0	7790 0	2146 0	7363 0
6709 1
1471 1	7127 0	2033 0	8148 0	411 0	8867 0	370 0	6388 0
2107 1
9112 1
1636 1
8963 1
2855 1
439 1
635 1	5036 0	5489 0
6560 1	1332 0	8629 0	481 0	2267 0	2631 0	709 0	330 0
7382 1	6602 0
8758 1
6945 1	6913 0	7901 0	5715 0	7835 0	4832 0	4957 0	390 0
9062 1
55 0
6453 1
526 1
5768 1
8284 1
902 1	3625 0	8938 0
6562 1
4566 1
1235 1	4327 0
1340 1	4015 0	1113 0	5760 0
4327 1
4327 1
7069 1
8294 1	4327 0	3174 0
5467 1
4352 1	4327 0
6660 1
4273 1
2971 1	6591 0
3786 1	4501 0
4038 1
8498 1	3099 0
7323 1
4178 1
4432 1	8225 0
7519 1
6932 1
1207 1
8282 1
7012 1	5916 0
4721 1
4405 1
143 1
927 1
6900 1
2294 1
1719 1
920 1	9165 0
9339 1
1132 1
1401 1
8531 1
8962 1	4548 0
6603 1
720 1
2390 1
6398 1
2389 1	7001 0	5598 0
6539 1	8262 0
3012 1
4535 1	7231 0
8525 1	4858 0
1667 0	8565 0
9334 1	8858 0	8264 0
4629 1
7811 1	1081 0	2604 0	5166 0
3339 1
3449 1
8357 1
1242 1
8566 0	5631 0	7696 0
8172 1
3488 1
4706 1
3543 1
4928 1
8234 1	3529 0
8455 1	4629 0
2684 1	3027 0
206 1
8511 1
7748 1
5 1	444 0
2557 1	2857 0
3398 1
9196 1
9180 1
6290 1
6327 1	7780 0
6233 1
367 1	1963 0
2755 1	842 0
7887 0
2755 1	9196 0	8406 0
5239 1	1335 0	9208 0	2075 0
7997 1	8092 0
8925 1	7112 0	501 0
8357 1
1512 1	5084 0
2345 1	777 0	1770 0
3308 1
3308 1
4009 1
1497 1
8178 1	8272 0	2955 0
1497 1	8840 0
1648 1	6956 0	4392 0	2922 0
3308 1
9262 1
8526 1
1262 1	89 0
8224 1	2260 0	7420 0	6102 0
4446 1
2527 1
5538 1	3482 0
7927 1
4720 1
4846 1
4685 1
9010 1
8535 1	6377 0	8653 0	6859 0	7843 0	2792 0	5591 0
4720 1
8688 1	586 0
69 1	4720 0
4240 1
6377 1
6149 1	3849 0
7548 1	693 0
3218 1	3690 0
6824 1
1587 1	5557 0	1752 0
254 1	4340 0	8134 0	5604 0	2228 0	6723 0	2178 0
7228 1
3225 1	6107 0	7009 0
116 1	7136 0	7144 0
55 1	408 0	4006 0	1920 0	4036 0
8844 1	9052 0
3632 1
4073 1
2551 1	5170 0
2117 1	4827 0	6877 0
8156 1	2162 0
8480 1	3494 0
2374 1
6731 1
6395 1
4606 1
8038 1	4566 0
2981 1	3023 0	6002 0
7537 1	4896 0	2816 0	986 0	5180 0	6539 0
5855 1
4550 1
5594 1
924 1	9172 0	862 0
8164 1
4485 1	4026 0	5340 0
2188 1	5364 0	5928 0
4976 1
8712 0	7300 0	6413 0
6139 1	7071 0
3441 1
1049 1
3542 1
2454 1
9245 1	4160 0
7218 1
4106 1
4206 1	2532 0
284 1	2087 0
3421 1	4383 0	7174 0	3215 0
9030 1	7259 0	7799 0	2938 0	8072 0
4029 1	1652 0	3978 0
3386 1
6134 1	2103 0	2097 0	4459 0
1745 1	2349 0
1400 1
2712 1	7586 0
4855 1	6132 0
1617 1	8528 0
7887 1	8434 0
1611 1	302 0	6865 0
3154 1
8305 1
6577 1	7744 0	2659 0
1856 1
1732 1
4875 1	609 0
2712 1
5424 1	584 0	2582 0	7797 0	813 0
2712 1	6122 0
4487 1
5291 1
3931 1
8625 1
8414 1	1872 0	7473 0
4420 1
4929 1
739 1
6528 1
6152 1
5604 1	2115 0
9275 1
1829 1
1190 1
4829 1	2527 0
7217 1
3656 1	6407 0	1036 0
1542 1	3131 0	772 0
4197 1
4511 1
3188 1	6063 0	3857 0	1146 0
165 1
6515 1
55 1
9343 1
9006 1
320 1
2876 1	2759 0	917 0
1878 1
2476 1
3278 1	3586 0
8847 1
8547 1	4536 0	1554 0	3257 0
5384 1
7597 1
2687 1
1281 1
6460 1	1424 0
3097 1	1586 0
5403 1
1490 1
1287 1
2550 1
1578 1
1465 1
2559 1	6635 0	2531 0
3277 1
268 1
7388 1
5264 1	5289 0
7467 1
4701 1
9023 1
5160 1
8313 0
894 1	8631 0
9210 1
328 1
9157 1	1754 0
3205 1	7334 0
3424 1	7409 0
7145 1
1428 1
1308 1	8505 0	769 0	8216 0	5990 0
6035 1
4658 1
7840 1
5949 1	6607 0	7828 0
7438 1
7403 1	9218 0	1564 0
1250 1
3222 1
3670 1
7058 1	3321 0
5090 1
7172 1
7208 1	8320 0
4524 1	5812 0
3306 1
7631 1
4980 1
9247 1
9227 1
1088 1	1117 0
3986 1	8572 0
3501 1	5555 0
5671 1	6957 0
5468 1
1470 1
6424 1	5397 0
402 1
6883 1	5320 0
1923 1
1117 1
4167 1	489 0	6265 0	287 0	7400 0	2086 0	4485 0
2063 1
1369 1
7614 1
5614 1	4213 0
1316 1
1519 1	8245 0	7445 0	2977 0	601 0	1535 0
380 0	8706 0	6101 0
8078 1
4274 1	6115 0
6722 1
4085 1
9293 1
4360 1
2712 1	7250 0
1436 1	4511 0
6454 1
2657 1	8052 0
1422 1
6115 1
3935 1
5782 1	8393 0
6115 1	3142 0
6454 1
7833 1	1117 0
4580 1	2159 0	3501 0
4507 1	6742 0
7912 1
1117 1
2696 1
3501 1
2712 1	4507 0
2952 1
8329 1	3122 0
4472 1	5288 0	6782 0
5055 1	2696 0	8132 0
5782 1	7172 0
216 1
6684 1
5936 1	8764 0	6307 0	9302 0	4718 0
9293 1
6664 1
4856 1	1117 0	2048 0
8367 1
8906 0
6684 1
495 1
2277 1
4997 1	8676 0
1124 1	8603 0	8346 0	811 0
1734 1	739 0	8075 0	7820 0
5547 1
4360 1	8460 0
6684 1
9222 1
5861 1	1117 0
2494 1
5344 1	5927 0
7873 1
9081 0	1771 0
5949 1	3701 0	8934 0
4360 1	7746 0	2962 0
1117 1	6454 0
6664 1
342 1	6306 0
8253 1	7197 0	5431 0	6250 0
7912 1	2122 0	3935 0	6101 0
2696 1	8136 0
8794 1
8663 1	8705 0	2031 0	6736 0
5973 1	8366 0
7118 1
1369 1
2766 1
6684 1	6454 0	7476 0	6936 0
5951 1
2589 1	7370 0
3861 1
1186 1
7717 1	7415 0
8196 1	2934 0
1355 1	8239 0
6993 1
974 1	9173 0
5065 1
4998 1
5888 1
4116 1	3284 0	7293 0	6845 0	2161 0	5780 0	2028 0
7277 1	6599 0	5886 0	4300 0	7274 0
1623 1
6873 1	3323 0
1608 1	9279 0
1102 1	8499 0	1303 0	9169 0
1041 1	1686 0	8774 0	7567 0	4748 0	950 0	783 0
3874 1	4801 0	4779 0
751 0	5144 0	4147 0	5328 0
5492 1
8484 1
3379 1
3379 1	2963 0
9216 1
3327 1
9067 1
3423 1
9226 1	2421 0
5572 1
7157 1
4165 1
910 1
6000 1	5755 0	723 0	8527 0
3468 1	8273 0
3596 1	6757 0	680 0
6533 1
926 1
1226 1
7998 1	539 0	8765 0
2322 1
6403 1
5122 1
8106 1
1012 1
232 1	5618 0	459 0	327 0	4892 0	54 0
5676 1
6618 1	3417 0	3868 0
5153 1
138 1	2096 0
3824 1	3605 0
8394 1	7887 0
6079 1
3259 1
6868 1
4511 1
8873 1	7358 0	4804 0	829 0	256 0	8277 0	2633 0	5481 0	5991 0
5288 1
2351 1	1106 0
8169 1	5869 0
3539 1	8559 0
4102 1
5351 1	8283 0
2253 1	1116 0
8740 1
6447 1
6587 1
5923 1	1962 0	7801 0	5943 0
231 1
8187 1
6180 1	6253 0	1821 0
291 1	8852 0
3809 1
983 1
4477 1
3779 1	4447 0	1189 0
8352 1	3661 0	2390 0	1575 0	715 0	6790 0
3783 1
2091 1	2205 0	1090 0	3301 0	4556 0	7070 0	280 0
7160 1
1237 1
8109 1	6342 0	3967 0
1799 1
7291 1
8233 1
7078 1
4443 0
7198 1	1922 0
2542 1	5907 0	6038 0	6612 0
4040 1
5154 1	4306 0
1292 1
5807 1	3570 0
7187 1	7145 0
1890 1
277 1
7559 1	8616 0	4511 0	5707 0
2296 1
5430 1	6462 0	5977 0	6767 0
8587 1
833 1	2086 0	8695 0
1497 1
4255 1	409 0	991 0
8660 1	3712 0	8886 0	7164 0
36 1
2101 1
9098 1	3624 0	1673 0	4588 0
8005 1
908 1
7615 1
2215 1	9020 0	7749 0	7798 0	1775 0	1994 0	3554 0	3609 0	3442 0	6875 0
1858 1
5394 1
3476 1
8798 1	6584 0
384 1
2174 1
7142 1
2528 1
4197 1
5483 1
1778 1
8496 1
8862 1	6272 0
7884 1	4899 0	5087 0	3072 0
8662 1	348 0	6827 0
6518 1
6474 1	2525 0
596 1	7792 0	8903 0	7508 0
5108 1
73 1
3749 1
7386 1
2765 1	4445 0
7725 1	8757 0
1246 1	419 0
3563 1	8137 0
3387 1
1059 1
6919 1
5329 1	3465 0	2278 0	5360 0
9162 1
4144 1	5448 0	565 0	8682 0
5432 1
5222 1
5432 1
5809 1
8700 1	4581 0
3590 1	1005 0	2443 0	5775 0
7931 1
489 1
2511 1
1588 1
649 1	815 0	1096 0	2618 0
1753 0	7190 0	7459 0	2703 0	2468 0	4821 0	5034 0	8612 0	515 0	8736 0
9291 1
4634 1
4114 1
6028 1
6344 1	7036 0
7394 1	8611 0	2312 0
8210 1	2968 0
2840 1	4842 0
3643 1	1729 0
4054 1
2062 1
7526 1	2906 0	6353 0	4925 0	9179 0
7266 1	7679 0
2318 1	5260 0
5223 1
8118 1
1928 1	4091 0	266 0	2204 0	3864 0
2379 1
2918 1	7287 0
2182 1
6184 1
1847 1
8903 1	3975 0	8113 0	816 0
1717 1
7920 1
7138 1	9082 0
5655 1
3447 1
3395 1	6808 0	3673 0	7713 0	1628 0	2781 0	3829 0	5185 0	6744 0	9256 0	6525 0	6653 0	2506 0	3792 0	9114 0	9026 0	6505 0	6926 0	2817 0	8929 0	7564 0	3519 0
3957 1	9269 0	713 0
4567 1
3947 1
7462 1
3211 0	1838 0	2870 0	7639 0	196 0	5719 0
8175 1	3917 0	4784 0	3383 0
6985 1
7963 1	7720 0
5506 1	9219 0	1138 0
55 1
6718 1
4201 1	3752 0	5511 0	1818 0
3207 1	6613 0	8963 0
2879 1
3556 1
646 1	2894 0
8097 1	3536 0	8790 0
7804 1	3821 0	3308 0
7085 1
4864 0	672 0
6017 1	6161 0
5934 0
7373 1	8825 0
3195 1
6008 1	4902 0
9356 1
1206 1	1097 0
532 1	6235 0	185 0
4387 1	6473 0
1008 1
659 1
5949 1	8397 0
7755 1	265 0	6712 0	6960 0	3840 0
6023 1	3346 0
2891 1	4402 0	6973 0	5458 0	1576 0	1582 0
1888 1
5780 1
4161 0
1355 1
5312 1	5893 0	6977 0	2533 0
5693 0	4174 0	3436 0	4362 0
4547 1
2826 1	8672 0	407 0	403 0	249 0	5137 0	1389 0
155 1	1280 0
8144 1	1186 0	684 0	1873 0	8180 0	8118 0	3337 0
5686 1
6490 1	4429 0	2061 0	92 0	1596 0
3475 1	1115 0
7456 1	2251 0
5862 1	9303 0
7933 1	4100 0
8883 1	5026 0	683 0
4801 1
2120 1
8089 1	5428 0
8598 1	1562 0	8831 0	5369 0	9063 0	9201 0
572 1	5596 0
5096 1
4493 1
3328 0
6820 1	2618 0
397 1
3148 1	3222 0	5072 0	7206 0	8462 0
1812 1	64 0	1493 0	2988 0
8843 1
9199 1	8805 0	6172 0
1123 1	3071 0
478 1
4624 1
7885 1
3929 1
8322 1
2013 1
3376 1	7619 0	2238 0	1985 0
3315 1
9288 1	8919 0	8320 0
7858 1
5176 1	7730 0
9167 1	8207 0	12 0
1940 1
2218 1
3231 1	3290 0
2910 0
1495 1
1930 1
5461 1
5189 1
7018 1
4593 1
7853 1	2168 0
8972 1
3067 0
2112 1	2706 0
9136 1
6787 1
8516 1	6482 0
881 1	1759 0	1837 0
8884 1
4399 1
1350 1
39 1
3460 1
7784 1	4037 0
8208 1	2600 0
6968 1	7236 0
4484 1	8892 0
3268 1
8629 1
6676 1	8461 0	4092 0
1465 1	5781 0	7141 0	5574 0
3719 1	8800 0	959 0
7662 1	9210 0
5025 1	819 0
5629 1	2704 0
5910 1	5781 0
1836 1
6092 1
5989 1
5772 1	7821 0	3963 0	8072 0	4383 0
6139 1
7388 0
2195 1
8413 1	4756 0
5781 1
3525 1
4604 1
5865 1
8936 1	5193 0	8040 0	8682 0	130 0	5002 0	5398 0
7821 1	3994 0
1647 0	8890 0	2762 0	906 0	3815 0	3081 0	6980 0
3124 1
6866 1
3902 1
5317 1	8308 0	3056 0	5949 0
7266 1	6688 0
8630 1
1954 1	5614 0	988 0
3222 1
2097 1	9088 0	4530 0	1816 0
1205 1	2579 0	8711 0
5201 1	975 0	671 0
2823 1
4279 1	5949 0
5553 1	8523 0	271 0	5228 0
2675 1
6661 1
3047 1	8874 0	5253 0	7827 0	9176 0	7395 0
3037 1	8483 0	8703 0	8327 0	5648 0	4163 0
6295 1	6783 0
1006 1	9080 0	9132 0	848 0
989 1
7925 1
1864 1	7349 0
1741 1
1602 1
4156 1	2875 0
2361 1	2775 0
2002 1	3455 0
17 0
2377 1	8020 0
1863 1	7339 0	5721 0	5960 0	3359 0	1364 0
5116 1	3530 0
5491 1	8728 0	1707 0
5406 1	6698 0
4157 1	4223 0	7162 0
3521 1
7406 1
7859 1	1856 0	8334 0	4308 0	498 0	6375 0	8120 0
7919 1
4612 1	186 0	4240 0
8428 1
7024 1
7465 1	1012 0
6583 1
2424 1
8999 1	7305 0	3061 0
615 1
8018 1	1856 0	3183 0	2313 0
1060 1	7335 0	6146 0	3212 0	1531 0
1304 1	8504 0	9129 0	7207 0
3011 1	4632 0
3159 1	5381 0
5949 1
3892 1	2562 0
2264 1	6506 0
4430 1	3537 0	7539 0	3803 0	830 0
8079 1	6403 0	5125 0
9050 1
7280 1
1022 1
5219 1	5576 0
2638 1	7763 0	5949 0	7714 0	1603 0	6078 0
5850 1	7689 0	3042 0
1057 1	6060 0
2110 1	7057 0	5530 0
8257 1	5206 0	1786 0
7726 1	6781 0	3937 0	2 0	8061 0
454 1	8256 0	7800 0	7653 0	1899 0	8503 0	9142 0
4916 1	6747 0
5949 1
5518 1
7331 1	8792 0
120 1	7899 0
3008 1	3510 0	6766 0
7609 1
8297 1	6975 0
6092 1	8425 0	8981 0	1878 0
5130 1
1613 1	5194 0	2819 0	5585 0	2571 0	2417 0
7436 1
5949 1	5239 0	1139 0	3817 0
4561 1
6626 1
3146 1	1268 0
737 1	504 0	6137 0
1324 1	1803 0
6305 1	135 0	656 0
9178 1	7126 0	8353 0	4917 0	3108 0
1353 1
6425 1	7221 0	4323 0
6498 1	5709 0
9301 1
7661 1
9353 1	5039 0	4537 0
9224 1	4923 0	4398 0
2077 1
7219 1	1231 0	363 0
7830 1	7967 0	6553 0
7074 1
7499 1
903 1
7863 1
8656 1
9193 1
9324 1
5949 1	7831 0
1880 1	5352 0	3891 0
2037 1	3966 0
6716 1
337 1	3924 0	2191 0	8095 0
5949 1
955 1	2990 0	183 0	6144 0
8307 1
4746 1
2527 1
4683 1	6520 0
5949 1	8725 0
9056 1
6829 1	7838 0
8116 0	4995 0	2997 0	5279 0
2538 1
5910 1	1682 0
6969 1	6803 0	2697 0
1393 1	851 0	5496 0
499 1
7082 0
5069 1	5228 0	1690 0	5199 0
8471 1	7368 0	8062 0
6066 1
7786 1	3972 0	8315 0	5032 0	2527 0
1767 1
8241 1
5767 1
6538 1
5712 1
5437 1
8174 1	7266 0
6901 1	1522 0
8861 1	891 0	5615 0
9115 1	944 0
512 1
9058 1
3025 1
4237 1	1986 0	7224 0
4503 1	6608 0
1072 1	3296 0	6047 0
