1 282
1 1701
1 6785
1 2362
1 188
1 6127
1 4809
1 3271
1 4064
1 1479
1 4943
1 5952
1 6667
1 202
1 2931
1 3009
1 831
3 1 3239 6747
2 1538 2239
1 669
1 1115
1 4443
1 3176
3 4823 4979 5789
1 2056
1 3804
1 135
1 2381
1 3830
3 1505 1716 2662
1 4404
1 5734
1 942
4 4779 4992 5110 5607
1 5890
1 1468
1 6509
2 1120 4622
1 403
1 6689
1 2046
1 3635
2 2807 4897
1 1820
1 2922
1 5448
1 5010
1 29
1 4845
1 5735
1 1991
1 4224
1 514
1 5763
1 6450
5 3677 6055 6180 6258 6598
1 1305
2 1317 2025
1 2516
1 484
1 4945
1 768
1 5358
1 2772
1 6652
2 4941 5862
1 4993
1 2533
1 1556
1 6168
3 3755 5107 5579
1 5149
2 430 2415
1 6535
1 1251
1 5007
1 3133
1 4295
1 4121
1 1395
1 405
1 3852
1 967
1 3538
1 4697
1 1180
1 1918
2 65 3482
1 583
1 6155
1 2130
11 291 799 964 1793 2140 2220 3185 3197 4237 4320 5156
1 6635
1 2047
2 1376 1388
2 1467 1847
1 4639
1 2101
1 1828
1 4829
1 604
1 1093
1 2820
1 329
1 3372
1 973
1 1745
1 4602
1 1049
2 672 2865
2 1744 4403
2 3933 4171
1 950
1 3577
1 1391
1 5476
1 6179
1 2260
1 64
1 2315
1 6791
3 310 3965 4004
1 5548
1 385
1 4112
1 3471
1 3828
1 1281
1 6039
1 4724
1 6716
1 1305
1 4589
1 802
1 5340
4 1967 2867 4227 6805
1 3421
1 1267
1 6454
1 279
2 2756 3682
1 4560
1 2893
1 6087
1 5004
1 4980
2 406 3617
1 5565
3 2750 2908 2984
1 1690
1 1674
1 885
1 4449
1 5542
1 5930
1 6632
1 4741
1 4540
1 725
1 3175
1 3990
1 3229
1 4298
3 1823 1852 2343
1 3228
1 6256
1 2925
1 3705
1 4335
1 4354
1 3101
1 37
1 4947
1 2311
1 1179
1 407
1 4583
1 3370
1 5586
1 2634
2 3328 3843
1 3542
1 5445
1 6830
2 1240 4196
1 6616
1 6758
1 5415
1 4643
1 2227
1 3129
1 1208
1 3788
1 4334
1 131
1 4975
1 6593
1 3214
1 3844
1 373
1 5262
1 3398
1 5627
1 1373
1 1630
1 4621
1 6124
1 5823
1 5757
4 278 3884 4346 5402
1 522
1 3509
9 588 1291 1914 1927 2067 4012 4083 4106 4489
1 5762
1 1154
1 1137
1 6366
1 3435
1 2508
1 6033
1 642
2 1320 2929
2 1182 5683
1 4
1 4226
1 1291
1 24
1 2285
1 560
1 2711
1 2531
1 6473
1 6450
1 3023
3 1014 1034 2339
1 5996
2 1390 2546
1 5395
1 4990
1 5265
1 2364
1 2873
1 5857
1 5774
3 1718 2092 3090
1 5750
1 3323
1 6039
1 986
3 4494 5799 6631
1 541
1 579
1 1468
1 2720
2 4514 6176
1 1972
1 6461
1 277
1 1205
1 5356
1 4050
1 1106
6 970 1563 2024 2660 3421 3923
1 2574
2 850 3340
1 6621
1 6576
1 5200
1 6282
1 1125
1 4360
1 6732
1 1843
1 816
1 2848
1 3331
1 4016
1 6500
1 1304
1 1159
2 5294 6483
1 3171
1 3724
1 5695
1 6213
1 862
2 3380 4017
1 6329
1 1165
2 178 4086
1 2240
1 6476
1 4401
1 1261
1 1058
2 73 1758
3 1468 4505 4778
1 4123
1 3580
1 2202
1 685
1 2899
2 497 6225
1 1084
3 370 2805 3548
1 1066
1 1885
1 5333
1 2282
1 2585
1 302
1 5037
1 5254
1 5153
3 2154 4018 5338
1 5766
1 4759
1 5174
1 4650
1 573
1 6261
1 98
1 3050
1 1629
1 2282
1 4909
1 4677
1 6450
1 6292
1 3153
1 6050
1 3648
1 6040
1 140
1 1441
3 995 3813 5656
1 1034
1 6828
4 1431 2363 3156 3475
2 1399 2656
2 1894 2102
1 1132
1 6393
1 1435
1 5017
1 4808
1 848
1 3624
1 6530
1 5001
1 5715
1 3314
1 2168
2 3333 3881
1 5371
1 298
1 1535
1 4735
1 4139
1 1763
1 5555
1 5924
1 3506
1 6815
1 5757
1 3455
2 619 3877
1 6135
1 5666
1 1724
1 6042
1 5761
1 4885
1 3828
2 210 657
1 2670
1 4432
1 3079
1 851
1 211
1 6336
1 1280
1 2362
1 4550
1 6520
1 1069
1 4559
1 1407
1 4678
2 5746 5933
1 6053
1 3498
1 644
1 689
1 2446
7 720 776 1221 1312 1723 1892 3811
3 34 2066 2679
1 6650
2 493 605
1 5961
1 266
1 1976
1 6325
4 4680 5169 5818 6631
1 895
1 3876
1 1032
2 3709 6631
1 6180
1 6507
1 623
1 6042
1 2429
1 4050
1 5026
1 5126
1 4150
1 2417
1 1581
1 6540
1 4881
1 3932
2 1730 4286
1 1709
1 4385
1 2193
1 5804
1 5349
1 4849
2 2227 4913
1 4423
1 163
1 3145
1 1916
1 2461
1 1951
2 1170 2683
2 1205 3234
2 884 4186
1 6048
1 2978
1 4276
1 1831
1 1935
1 6127
2 2923 4318
1 532
1 3202
1 1556
1 713
1 893
1 2443
1 1871
1 1768
3 2056 2661 6786
1 5131
1 2798
1 634
1 1630
1 6450
1 4016
1 5470
1 6040
1 1296
1 4838
1 4602
1 3336
1 5070
1 1460
1 328
1 1522
1 5177
2 234 3340
1 2881
1 4524
1 1852
1 4801
1 1320
1 6656
1 1508
1 3507
1 6050
1 4491
1 2650
1 1612
1 582
9 137 268 1565 3268 3342 3537 3602 4101 4623
1 2825
1 3970
6 2268 2523 4479 5822 6329 6555
1 4064
1 444
1 4602
4 1731 4663 4824 4875
1 3649
1 6375
1 1429
1 3066
1 6756
1 6843
1 5608
1 6141
1 4169
1 3997
1 6803
1 3181
2 1300 2289
1 83
1 5502
1 5743
1 2864
1 4602
1 6859
1 4977
1 1054
1 6559
1 4831
4 493 3419 3965 4329
1 994
1 4346
1 5792
1 3166
5 812 2950 3520 4414 5473
2 1396 4146
1 1092
1 3784
1 6057
1 5974
1 4179
1 680
2 32 1425
1 5598
1 6616
1 2521
1 1320
1 5578
1 612
1 3084
1 3385
3 1631 5388 6444
1 5590
2 3015 3900
1 3391
1 990
1 2697
9 352 646 1032 1099 2009 2653 3337 3488 4199
1 53
1 306
1 2309
1 1976
1 870
1 4057
1 1996
1 3888
3 868 1205 5085
1 3594
1 5379
1 883
1 5976
1 2086
2 2632 5345
1 5947
1 3325
1 2749
1 1714
1 6547
3 2381 2406 3227
1 3380
1 2059
2 1398 6040
1 3015
1 3495
1 6645
2 4096 5093
1 3266
1 1581
1 3613
7 4196 5386 5446 5462 5472 5474 5503
1 2405
1 2299
2 3505 6033
1 415
1 1025
1 1549
1 6233
1 5614
1 6167
1 3912
1 5517
1 3906
1 1208
1 5475
1 5166
1 1894
1 3049
2 808 2290
1 6533
1 3469
1 3698
1 5061
1 2833
1 6335
1 623
1 1691
1 2995
1 4515
1 1551
1 152
1 3449
1 6231
1 492
1 4023
1 265
1 323
1 4769
4 1334 5109 5669 6765
1 5125
1 2475
1 1879
1 793
1 2930
1 9
1 1655
1 3224
1 1945
1 5409
1 3049
2 1518 2007
35 61 69 128 164 231 309 414 509 563 570 578 797 972 1059 1063 1071 1142 1341 1437 2121 2231 2324 2785 2792 2843 2895 3034 3183 3376 3692 3839 3860 4102 4144 4433
1 5123
1 1811
1 5926
1 2758
1 2751
1 5931
1 6049
1 3932
1 2862
1 3195
1 1106
1 3114
1 2148
1 4897
1 989
1 655
1 1985
1 6604
1 266
1 2368
1 6558
1 2660
1 4248
1 5557
1 5857
2 2114 3277
1 1376
1 6805
1 317
1 2564
1 6619
1 3003
1 3015
1 2313
1 321
1 5189
1 2063
1 4785
1 1707
1 1507
1 2297
1 2090
1 6729
2 1862 6608
1 2154
1 5812
1 3937
1 2407
1 4059
1 335
1 85
1 6440
1 308
1 1468
1 6640
1 6633
1 5349
1 4216
1 789
2 808 1111
1 2725
1 2667
2 819 2107
1 1326
1 6172
1 2240
1 3774
1 2495
1 3909
4 649 673 2252 3644
1 5841
1 2249
1 3792
1 1426
1 3622
1 3740
2 1874 2604
1 5764
1 5131
3 64 1440 5983
1 6050
1 3067
1 188
1 2871
1 6589
1 4076
1 6481
1 1503
1 5873
1 5482
1 2791
1 6099
2 803 5000
1 2678
1 6438
1 2122
1 335
1 5883
1 2748
1 2790
1 1567
1 2971
1 5238
1 498
1 3491
1 1026
1 2962
1 4729
1 6803
1 2533
3 1003 6242 6379
1 1296
1 3027
1 1223
1 594
1 3305
1 3296
1 601
1 5420
1 5403
1 508
1 2592
1 6424
1 4406
1 908
7 2206 2510 2963 3371 3930 3969 5770
1 1342
1 5150
1 2964
1 5960
2 722 1776
1 1447
1 3911
1 1490
1 3375
1 1601
1 3
2 1530 1561
1 5174
1 4191
1 6298
1 1269
1 5415
1 6252
1 210
2 1274 1278
1 2534
1 2650
1 6144
1 2396
2 2546 4980
3 677 3419 5367
2 302 1713
5 1745 3219 3606 3817 4725
1 6422
1 353
1 5475
1 1688
1 3092
1 1922
1 1633
1 5647
1 1042
1 3305
1 833
2 2451 2870
1 2800
1 484
2 1165 2337
1 2928
1 1550
1 1867
1 5832
1 3614
1 2014
1 4428
4 1275 2332 2553 4456
1 3879
1 82
1 1160
1 4863
1 5280
2 5687 6378
1 342
1 6233
1 5445
1 6558
1 6582
1 611
1 3648
2 104 6701
2 3012 3229
1 884
1 4668
1 1278
1 4289
1 644
1 4127
1 614
1 5173
1 6461
2 4787 6774
1 2297
1 3658
1 6505
2 2793 3089
1 1047
1 738
1 2193
1 3278
1 401
1 2346
1 4790
1 6136
1 3375
1 2851
1 3266
1 3004
1 2096
1 6738
1 2011
1 3987
1 6842
2 2137 3321
1 1337
1 4218
1 4666
1 3294
1 4358
1 3337
2 575 3271
1 3238
1 3123
1 6198
1 3438
1 1514
1 2194
1 5331
90 51 96 159 176 187 250 251 270 405 422 428 445 473 559 586 593 609 658 719 746 806 945 1020 1140 1142 1200 1226 1231 1269 1378 1385 1520 1525 1575 1584 1621 1665 1698 1705 1749 1805 1815 1821 1827 1950 1963 2017 2049 2142 2143 2144 2160 2185 2188 2442 2569 2573 2618 2686 2762 2804 2826 2831 2844 3029 3095 3096 3117 3258 3299 3307 3324 3353 3437 3453 3502 3592 3707 3710 3718 4075 4086 4089 4124 4177 4217 4303 4351 4490 5134
2 1240 5064
1 5521
1 4141
2 1456 3085
1 5646
1 1137
1 2422
1 2256
1 393
1 3857
1 1769
1 1352
1 2564
1 6685
1 2819
1 1501
1 5348
1 2652
1 1106
1 4708
1 470
1 1052
1 1200
1 6857
1 2137
1 1382
1 6290
1 6027
1 2129
1 4116
1 5325
2 834 2137
151 45 63 90 160 189 193 240 241 255 324 419 438 439 467 589 595 638 639 660 682 706 717 724 727 729 775 785 894 914 922 929 933 1002 1028 1110 1112 1158 1175 1190 1211 1217 1244 1257 1262 1323 1336 1357 1361 1452 1478 1524 1540 1624 1677 1683 1715 1777 1807 1816 1871 1884 1891 1951 1960 1971 1980 2035 2044 2062 2145 2162 2265 2296 2310 2331 2374 2408 2482 2599 2601 2717 2818 2840 2914 2915 2947 2961 2993 3008 3031 3112 3125 3130 3141 3169 3236 3267 3273 3280 3327 3349 3354 3394 3521 3587 3632 3634 3637 3641 3649 3655 3668 3670 3687 3695 3700 3715 3733 3739 3770 3805 3824 3825 3872 3944 3952 3983 3988 4001 4032 4035 4065 4068 4108 4128 4165 4166 4233 4234 4241 4271 4296 4305 4316 4326 4372 4375 4385 4461 4474 5962
1 5567
1 6060
1 6819
1 2305
1 6004
3 4653 4739 6718
1 5411
1 6513
1 1985
1 6437
2 213 1019
1 1538
1 259
1 5858
1 3889
1 5794
2 5305 6262
1 5798
1 2137
1 6092
1 4548
1 5874
6 204 243 1073 1134 1543 2399
1 6198
1 3569
1 6442
1 6088
1 803
2 1599 3781
1 2749
1 2786
1 5863
1 2469
1 721
1 3940
1 359
1 5123
1 2961
1 4145
1 2436
1 5836
1 5638
1 3313
1 6858
1 3864
1 4090
1 575
1 5846
1 5259
1 6422
1 1899
1 722
1 802
1 2170
1 6830
1 4302
1 3370
3 1237 1912 5589
1 6699
1 2451
2 2239 2933
2 3390 5321
1 5989
1 83
2 2183 2666
1 5894
1 2042
2 3923 4093
1 4804
1 5376
1 2803
1 3056
1 5747
3 5585 5794 6412
1 6729
12 1455 1962 2259 2270 2278 2967 3271 3535 3674 3772 4673 5996
1 1167
2 1836 5864
1 1453
1 1955
1 1319
1 1741
1 6478
1 5198
1 392
1 6194
1 5620
1 6725
1 6739
1 2711
1 6507
1 3570
1 3290
1 1107
1 5363
1 242
2 1896 5540
1 2585
1 495
1 2913
1 2056
1 60
1 3057
1 27
4 229 4269 4318 6553
1 6738
1 2450
1 6618
1 5371
1 174
1 307
2 6449 6761
1 1519
1 823
1 4752
2 1426 4039
1 3357
1 3552
1 2790
1 19
1 2441
1 6778
1 1547
1 763
1 1146
1 1438
1 5187
1 5153
3 1435 2872 5496
2 1561 4507
2 957 5051
1 2694
1 1851
1 5955
1 1563
1 6251
1 5437
3 920 1010 2586
1 4435
1 4478
1 6422
1 2246
1 2695
1 199
1 4570
1 1882
1 2492
1 2417
1 6206
1 4435
2 91 2524
2 2077 2193
1 3114
1 5273
2 2111 4012
1 2930
1 6782
1 76
6 2250 3528 3622 3638 4267 6543
1 6767
1 3060
1 5681
1 3288
1 4328
1 2793
1 5918
1 1239
1 4480
1 2759
1 1602
1 3310
1 6864
1 5759
1 294
1 1081
1 2246
1 2557
1 4006
1 4975
1 2874
1 6110
1 1013
1 1818
2 3786 5024
2 1907 3181
1 1961
4 333 738 4574 4924
1 6318
1 533
1 6483
1 1837
1 5967
1 1572
1 1424
1 2467
1 6558
1 6615
1 3659
1 2602
1 3128
1 2731
1 6421
1 3622
1 2170
1 1348
1 6463
1 1736
1 2645
1 4485
2 2690 5345
1 3511
1 947
1 6064
1 704
1 6636
2 3496 6468
7 6318 6328 6353 6357 6371 6384 6391
1 2412
1 4772
2 5057 5076
1 176
1 2702
1 6655
1 6378
2 598 4298
1 2837
1 2302
1 1429
1 1218
1 380
1 5371
1 6094
1 0
1 1131
2 2088 5466
2 2239 3158
1 4002
1 6597
1 6799
2 1108 1291
1 4525
1 1536
2 1015 3764
1 2391
1 3784
1 6255
1 4813
1 412
1 2671
1 4809
2 1976 2261
1 965
5 119 902 1033 2662 5998
1 1318
1 422
1 2376
1 5216
1 1727
1 3978
1 5064
1 5646
1 1154
1 5474
1 267
2 1363 3734
2 4517 5106
1 5412
1 5606
3 410 2007 5036
1 5684
1 3697
1 1100
1 766
1 2116
1 5219
1 3479
1 1453
1 342
1 4571
1 3888
1 88
1 1182
3 92 1100 4476
1 5754
1 4502
3 5877 6407 6633
1 4207
1 1987
1 6480
1 6248
1 2741
1 553
1 4865
1 2660
1 1254
1 5541
1 3052
2 1051 3648
1 3658
1 577
1 5615
1 4602
2 1333 3497
1 731
1 6728
1 6615
3 5944 6000 6082
1 5538
1 4684
1 5500
1 163
1 4335
2 870 4983
1 785
1 4406
1 5193
1 2968
1 5975
1 4409
1 446
2 1928 1956
2 3142 3753
1 4921
1 3869
1 1208
1 6443
1 3649
1 3193
1 1590
1 950
1 6815
1 651
1 676
2 1629 2110
1 6063
1 3256
1 6485
3 73 2533 5520
1 2714
1 3384
1 5763
1 6114
1 5807
1 1755
1 140
1 6540
1 5622
1 1392
1 4145
3 2673 4863 6305
1 3797
1 146
1 810
1 2971
2 1600 3989
1 1589
1 3093
1 579
1 4738
1 4597
1 2636
2 1102 6155
1 862
1 403
1 2594
2 3056 3844
1 3207
1 6802
1 266
1 2678
4 321 347 363 2832
1 2409
1 2916
1 361
1 3632
1 2725
1 4167
1 5371
1 2311
1 6632
1 6271
1 4738
1 3303
1 1718
2 400 5321
1 5186
3 4388 5914 6276
2 80 461
1 1523
1 36
1 1244
1 6496
1 5733
1 1833
1 1375
2 5074 5076
1 279
1 5258
1 2466
1 1286
1 5103
1 3098
1 6421
1 6768
1 2001
1 2735
2 971 1294
2 5230 6298
1 1728
1 2320
1 1038
1 305
1 1605
1 4041
1 2205
1 6334
1 4843
1 2955
3 2513 2902 3496
1 1827
3 1732 1741 1821
6 802 2506 3442 4406 4428 4820
1 1446
1 6804
8 125 507 729 1947 3005 4085 4363 4375
1 5174
1 946
1 1236
1 4408
1 1170
1 2280
3 538 3786 6050
1 149
1 2447
1 6139
1 2488
1 1747
1 908
1 2415
2 5427 6064
1 3777
1 2125
1 5786
1 3379
1 2660
1 4497
1 2089
1 3239
1 4060
1 6688
1 3232
1 537
1 6807
1 3266
11 1126 2929 3755 4664 4907 5084 5583 5705 5774 6410 6627
1 2727
1 3637
1 3270
1 2086
1 1801
1 3450
1 4994
1 17
1 6749
1 212
1 5426
1 3798
1 5538
2 6331 6401
1 5076
1 2507
1 5420
1 2790
1 2175
1 4016
1 2443
1 3575
1 4138
1 4324
1 3439
1 5722
1 3392
1 4236
1 2222
1 5272
2 310 3042
1 5791
1 2177
2 5596 6631
1 830
1 5842
1 2681
1 6842
1 5843
2 1839 2938
1 756
1 4600
1 5522
1 3836
1 6220
1 6095
1 3866
1 28
1 5645
1 5626
1 18
1 3727
1 2427
1 644
1 2240
1 4681
1 5686
1 2167
1 3515
1 5547
1 1296
1 5994
1 342
1 1662
1 3621
1 5492
1 6347
1 739
1 6272
1 273
1 174
1 2198
1 6297
1 288
1 3957
1 3419
1 4602
1 4188
1 1369
1 3461
1 6344
1 5530
1 308
1 1936
1 87
1 3416
1 3216
1 1957
1 126
1 688
5 669 1474 2321 3712 5594
1 295
1 2418
2 183 4071
1 1258
2 517 997
1 4756
1 1785
1 1103
1 1656
1 4332
1 742
2 1219 5343
1 1970
2 2866 3270
1 131
1 2065
1 1750
1 1610
4 835 1351 6279 6698
1 779
1 5521
1 1541
1 3158
1 6323
1 6042
1 4229
1 4423
1 550
1 3285
1 2397
1 2805
1 1220
1 4803
1 4516
2 1186 1674
1 4841
1 3229
2 501 2178
1 686
1 4860
1 2018
1 2888
1 1207
1 6275
1 1492
1 4442
3 3507 5232 6652
1 1792
1 6672
1 272
4 3382 6148 6150 6506
1 4863
1 4778
1 3753
2 2189 5388
1 4156
2 1089 4855
1 5838
1 2783
2 2650 3350
1 1910
1 3193
1 2840
1 3058
1 3370
1 6143
1 4586
1 1372
1 603
2 1435 5214
1 5565
1 1848
1 6335
2 2997 3306
1 2052
1 6856
1 2443
1 4223
1 2083
1 3389
1 5574
1 3782
1 2737
1 3698
1 6767
1 210
1 1213
1 2865
1 6335
1 754
1 1976
1 3323
1 1814
3 359 1718 4073
1 5117
1 6252
1 2790
1 1555
1 484
1 179
1 4641
1 1051
1 3064
1 163
1 3843
1 2684
1 1386
1 6267
1 5499
1 5618
1 947
1 1253
1 2515
2 182 878
1 3383
1 6644
1 3379
2 2192 6304
1 579
1 1426
1 131
1 2562
1 2423
1 2921
1 4151
1 4903
2 489 5810
1 1571
1 6481
3 4892 5663 6623
1 2380
1 6278
2 474 1721
1 385
1 5874
1 6623
1 1244
1 4042
1 825
1 6273
1 6175
1 6557
12 553 1165 1203 1373 1469 1803 1923 2011 2153 2157 2243 3050
1 3822
1 3731
1 1644
1 426
1 2011
1 2020
1 6635
1 868
1 3685
1 2443
1 5361
1 692
1 6743
1 6780
1 5777
2 465 2372
1 5399
1 2580
1 6420
1 3319
28 84 251 318 527 972 1017 1355 1436 1595 1694 2223 2621 2959 3000 3074 3080 3198 3255 3289 3302 3554 3815 3863 4025 4087 4208 4225 4782
1 6225
1 991
1 6797
1 2816
1 1305
12 100 869 1092 1272 2165 3230 3277 3412 3582 4769 5054 5404
1 6223
1 478
1 5616
1 87
1 5568
1 5424
1 6418
1 1197
1 5143
1 2245
1 2600
1 6588
1 860
2 1950 4260
1 1392
1 4735
1 876
1 5682
1 2217
1 6045
1 5942
1 5447
1 4423
2 3406 4355
1 4583
1 4453
1 2510
3 481 1127 5799
1 4482
1 3297
5 210 387 1165 2870 6718
1 6151
1 4481
1 4459
1 4003
2 5447 6216
1 2118
1 5263
1 5111
1 5390
1 1823
1 1137
1 5211
1 3636
1 2056
1 2300
1 4915
1 1708
1 3193
1 3263
1 6107
2 4940 5331
2 373 5753
3 4675 4964 5315
1 5824
1 3
1 6511
1 3048
1 2341
1 1338
1 5725
1 3172
1 5927
1 2234
1 5797
5 3102 3188 5462 5477 6840
1 980
1 3787
1 5397
1 6422
1 1792
1 1754
1 1136
1 6845
1 4794
2 1589 1634
1 4187
1 1738
1 2476
1 2934
1 2281
1 193
1 1547
1 4369
1 2777
1 4173
1 5566
1 2576
1 1096
1 1581
1 6751
1 5982
2 4734 4736
4 4539 5192 5444 5450
1 5757
1 4079
1 2116
1 4285
2 313 5602
1 3642
1 6583
2 149 1737
1 6091
1 3378
2 260 778
3 203 2267 3408
1 1750
1 5129
1 5936
2 4544 5910
1 1642
1 4907
1 6568
2 1142 3533
1 2478
1 6230
1 1554
1 6379
1 4298
1 4505
2 5026 5844
1 1976
1 5919
1 5955
1 6742
1 5728
2 4274 4708
1 2360
1 6219
1 5864
1 5498
1 2522
2 4060 4798
1 3890
1 5359
1 6175
1 6559
1 6293
3 29 2437 4523
1 5380
1 5928
1 4190
1 6685
1 393
1 3
1 917
1 5541
2 1718 1730
6 399 782 1641 1644 3316 3803
1 736
1 6849
1 2929
4 603 1004 2488 3496
1 6144
1 6388
1 2722
1 5847
1 3305
1 6515
1 3605
1 865
1 6526
1 2533
1 1896
1 4038
1 5160
1 1320
1 1633
1 854
1 6784
2 1510 4423
2 1551 5390
1 1551
1 2898
1 4552
1 4164
1 5114
1 1118
1 293
1 2179
1 2134
1 4442
1 6487
1 2198
1 3039
2 3051 4651
1 6804
1 1641
1 113
1 924
1 1968
1 628
1 572
1 1511
2 93 4435
1 6652
1 5680
1 4353
1 4345
1 6727
1 5084
1 6600
1 1299
1 4116
1 6475
1 312
1 2193
1 3059
1 115
2 4325 4959
1 5276
1 3748
1 6247
2 85 4998
1 5374
1 5358
1 5175
2 2458 4974
1 5552
1 6704
1 6685
1 6593
1 4107
1 2184
2 3658 5580
2 5238 5599
3 3541 4596 4605
1 3705
1 4574
1 4466
1 6581
1 3241
1 5869
1 4002
1 73
1 3131
1 1672
1 5930
1 298
4 2957 6229 6756 6766
1 237
1 6516
1 975
1 5901
1 1078
1 4077
1 6749
1 6741
1 4261
1 5778
1 2221
1 2963
1 1710
1 1633
1 2562
2 2566 6239
1 6633
1 1888
1 2904
1 3128
1 4335
4 2261 5538 6263 6795
1 4524
1 6825
1 5070
1 4700
1 674
2 321 3425
1 849
1 1890
1 1852
2 4731 6624
1 5919
1 6499
1 3801
1 5286
1 4079
1 5489
1 2284
3 224 3936 4206
1 8
1 6016
3 224 3869 6786
1 3313
1 1480
1 130
1 4578
1 6019
1 3379
1 126
1 3452
1 2454
4 2857 3835 4242 5039
1 3840
2 3103 4565
1 5748
1 713
1 956
1 536
1 3647
3 89 2581 4222
1 2451
1 1918
1 6180
1 1788
1 6492
1 6327
1 2056
1 403
1 1332
1 5650
1 6576
1 2807
2 266 6673
1 2196
1 5597
1 5849
2 4952 5147
1 147
1 5776
1 4488
1 2739
1 1305
1 6668
1 2802
2 4663 4668
1 3229
1 421
3 1008 1442 2493
1 3698
3 588 1940 3223
1 122
1 4575
1 1557
1 2319
1 4033
1 4406
1 6725
1 1272
1 5092
1 1106
3 1384 2805 2900
1 5706
1 5558
1 977
4 1283 2076 2118 6472
1 6135
1 538
3 323 1649 3813
1 361
1 3443
1 4358
1 5647
1 2635
1 3345
2 3968 4279
1 409
1 3294
1 5257
4 780 1154 1228 2666
3 2562 2779 3857
1 3128
1 5790
1 1757
2 3324 4936
1 2568
1 4132
2 2254 3045
1 6662
1 6862
1 298
1 4080
1 5161
1 4348
1 4749
1 4667
1 5621
1 6515
1 5809
1 4924
2 3287 3467
1 5727
1 3527
2 2117 5605
1 27
1 6746
1 1727
1 2554
1 4978
1 3025
1 2491
1 1189
1 403
1 3147
1 2411
3 180 946 5548
2 5236 6661
1 5857
1 401
1 5915
1 2941
1 970
1 1818
1 3928
1 1827
2 1290 3749
1 1259
1 1980
3 665 3336 5548
1 2294
1 4392
1 6416
1 3418
1 3594
1 6398
1 862
1 6042
1 2875
1 3347
1 6030
1 6826
1 2213
1 5413
1 5651
1 1555
1 4252
1 851
1 3894
1 5601
1 4130
1 2595
1 6371
1 2711
1 2011
3 1854 3257 4250
1 1076
1 3747
1 2799
1 2264
1 1208
1 1262
1 5287
1 450
2 3527 4604
1 6635
1 6570
1 6330
2 2070 3782
1 3405
1 1634
1 5240
1 353
2 1180 4293
1 833
1 2649
1 862
2 3879 5703
1 3282
1 6139
2 138 288
1 6814
1 5032
1 4667
1 4188
3 665 1381 5822
1 3162
1 4890
1 2056
1 4918
4 4664 4904 6329 6505
5 1435 5514 5528 5551 6213
1 5707
2 4929 5387
1 2584
1 6483
1 5498
2 1840 5399
1 2388
1 73
1 6454
2 6218 6727
1 4489
1 6018
1 510
1 6510
1 326
1 6218
1 3225
1 2333
1 5183
5 5488 5495 5504 5538 6043
1 4944
1 259
1 6783
1 3160
1 6681
1 351
1 2837
1 6245
4 2784 3845 4125 4508
2 27 6185
1 5046
1 3874
1 6642
2 183 3248
1 6395
1 4843
1 1281
1 4628
1 3340
1 1635
1 4833
1 5314
1 1700
3 1834 2849 3211
3 1386 3987 4647
1 1872
1 4016
1 313
1 706
1 2379
1 3194
1 4989
1 5503
1 643
1 2372
1 117
1 5811
1 1894
1 6040
2 1230 1757
3 4427 4919 4939
1 3783
1 3366
1 1416
1 2668
1 4897
1 814
1 815
2 351 5402
1 2910
1 3104
1 6354
1 1708
1 6416
1 6186
2 1233 3425
1 1320
2 2387 4177
2 4396 4553
2 417 3043
2 4521 6678
1 859
1 829
3 1383 1861 3306
1 4602
1 4355
2 5319 6521
1 4550
1 222
1 5422
1 6176
1 4650
1 2183
1 1007
2 610 6579
2 1152 3147
1 4484
1 5390
1 2358
1 2552
1 6201
1 302
1 1195
1 6828
1 3921
1 5754
1 3885
1 6710
1 4969
1 1316
1 5676
1 990
1 1334
1 3911
1 4675
1 3201
2 5355 6576
1 6483
2 1182 1996
1 47
1 86
1 4031
1 347
1 2385
1 1292
1 3708
1 3924
1 6515
2 317 1852
1 1434
1 6669
1 3341
1 3595
1 4786
1 235
1 5997
2 5231 5625
1 4665
1 1044
1 1023
1 6176
1 5791
1 3671
1 3248
1 5958
1 1395
3 3045 3454 3484
1 610
1 4803
1 3160
1 6662
2 2501 3847
1 2740
1 3745
1 4681
1 5867
1 5023
1 5548
1 5666
1 4802
1 2201
1 3416
2 307 3757
1 6637
3 656 2695 2790
1 6468
1 43
3 617 1750 5853
1 3059
1 5854
1 5912
1 2838
2 1855 6156
1 1718
1 3020
2 5370 5997
4 2516 4747 6025 6773
1 4404
2 5483 5673
1 6050
1 4080
1 3237
1 340
1 2925
1 2141
3 5193 5414 5496
1 968
3 551 2023 3187
1 4359
1 6376
1 6545
1 2930
1 3689
1 934
1 6002
1 911
1 1208
1 678
1 4318
1 5654
1 1707
1 5726
1 1495
1 1625
1 1398
1 418
2 2944 6090
1 3394
1 6502
1 4721
1 4069
1 802
1 1956
3 123 2484 3232
1 1634
1 3515
1 6018
1 557
1 3214
1 4477
1 458
1 3881
1 4042
2 2327 5173
1 6565
1 6766
1 3419
2 265 4074
1 5854
1 2660
2 2006 6573
1 443
1 4532
1 4127
1 6445
1 1086
1 2570
1 1232
1 2094
1 4610
1 3415
1 789
1 2425
1 3941
1 3532
1 4192
1 5268
1 4597
1 228
1 5551
1 139
1 558
1 3899
1 4377
1 2118
2 1946 3518
1 2148
2 5829 6144
1 2137
1 4238
1 732
1 6219
1 5973
1 6463
1 2284
1 1106
1 3791
1 1838
1 4983
1 2787
1 2766
1 2912
1 822
1 6745
2 2098 2207
1 2369
1 4982
1 5908
1 4874
1 4653
1 1860
1 2849
4 256 2692 4049 4401
1 1115
2 851 1697
1 4729
6 694 1941 2505 2760 2943 6188
1 747
1 2108
1 6748
3 1024 1130 3027
1 6577
1 486
1 4585
1 1418
1 847
1 3888
1 2155
1 5114
1 2010
1 3898
1 6102
2 6100 6481
1 3576
1 2655
1 1401
2 5014 5882
1 3933
1 2645
1 3869
1 1242
3 2268 4147 4666
1 2660
1 4252
1 2811
1 2593
1 5561
1 2403
2 2181 4827
1 5604
1 4515
1 1060
1 5659
6 587 1064 1221 1312 1474 1790
1 1117
1 343
1 3698
2 1141 1852
2 329 5174
1 6797
1 284
1 5212
1 5570
1 6433
1 4304
1 4598
1 6763
1 1589
1 3368
1 5758
2 2051 4850
1 5492
1 5295
1 329
1 2747
1 982
1 1115
3 3817 3858 4242
1 602
1 1240
1 1684
1 1727
1 5646
1 3044
1 1479
1 6553
1 4983
1 5124
1 1278
1 459
2 1192 4308
1 5299
1 2409
1 5073
1 5562
1 2154
1 6208
1 3261
1 5666
1 6038
1 5583
3 579 2727 3782
1 4944
1 5876
1 1603
1 1450
1 3919
1 4246
1 1763
1 2327
1 6559
1 4489
1 2874
1 5499
1 4243
1 2695
1 5119
1 2233
1 6264
1 5039
3 1089 1502 2195
2 1141 4205
1 1663
1 2986
1 1106
1 4138
1 5535
1 4441
1 99
1 3373
1 5153
2 428 4788
1 1635
1 2595
2 1521 5371
1 5341
1 6385
1 4700
1 5863
1 4055
1 761
1 4358
1 1899
1 5578
1 1018
1 1921
1 2498
8 355 369 653 1846 2342 2769 3482 4047
1 6588
1 2305
1 3945
1 3037
3 851 1909 3164
1 6556
1 971
1 16
1 2241
1 1735
1 4289
2 4999 5511
1 2764
1 4507
1 1135
1 1005
1 2010
1 3476
2 982 4595
1 6532
1 1727
107 112 206 229 278 293 499 518 562 605 676 695 909 950 960 1022 1050 1070 1268 1273 1350 1387 1535 1616 1682 1722 1765 1863 1888 1894 1995 2028 2052 2072 2168 2212 2325 2327 2510 2511 2518 2617 2715 2736 2745 2759 2762 2821 2900 2957 2969 3007 3036 3050 3064 3094 3133 3163 3213 3271 3324 3394 3414 3431 3527 3595 3622 3682 3736 3763 3776 3841 3856 3900 3995 4026 4059 4064 4212 4266 4359 4369 4393 4400 4413 4455 4509 4615 4633 4634 4677 4737 4741 4776 4819 4930 5025 5072 5209 5275 5330 5459 5619 5977 6158 6249 6833 6848
1 6523
1 1893
1 4957
2 1780 6280
2 4020 6212
1 6628
1 2402
1 1491
1 2707
1 4270
1 6839
1 2369
1 6021
1 422
1 6493
1 3131
1 3729
1 4148
1 462
1 3127
1 3132
1 2881
1 6277
1 6184
1 3410
2 185 5299
1 707
1 106
3 671 1654 4916
1 6128
1 4574
1 6280
1 3301
1 1361
1 6772
1 1832
1 3091
1 5553
1 1468
1 4097
1 2447
1 141
1 4911
1 6797
1 4116
1 1162
1 1881
1 558
1 1759
1 5993
3 1100 1312 4030
1 6728
1 5349
3 477 1640 3344
1 6233
1 5687
1 4492
1 1130
1 1244
1 2646
2 1361 1659
1 6405
8 413 1109 1328 1886 2505 3445 4165 4238
1 2930
1 2217
1 4799
1 4924
1 789
1 4941
2 382 4437
3 198 1370 4258
1 5922
1 6692
1 2191
1 4245
1 5712
3 1589 4008 6110
1 3128
1 4905
1 4239
1 1574
1 5174
4 3667 3670 5235 5609
1 5666
1 2960
1 2118
2 4155 5368
2 1589 1840
1 4404
1 1853
9 566 1740 4368 4380 4975 4994 5154 6558 6649
1 1800
1 1834
1 4787
1 2506
1 3055
5 231 561 2185 2990 3673
1 2209
1 5769
1 1060
1 2756
1 5638
5 377 461 927 1089 4122
1 6050
1 2533
1 6461
1 4528
1 3946
1 4242
1 2039
1 6780
1 3072
1 3886
1 1331
1 1183
1 4917
1 698
1 2253
1 4981
1 1662
1 4378
1 1680
1 4513
1 232
1 6040
1 5512
1 5896
1 4859
1 5860
1 6346
4 757 1394 2406 4112
2 2779 6228
1 1024
2 3811 4689
1 2719
1 5213
1 4536
1 2562
1 1234
1 1420
1 4681
2 4361 5824
1 4270
1 5352
1 5044
1 5234
2 5713 5785
1 6733
1 2369
1 896
1 1689
1 2002
1 1780
2 902 4991
2 2733 2864
1 4720
1 6123
1 1269
1 1727
1 6270
1 5747
2 916 3654
1 1841
1 242
3 862 1701 1716
1 364
1 4966
1 287
3 6358 6364 6396
1 6841
1 5586
1 5240
1 3083
1 659
6 50 503 1287 3250 3462 3910
1 6559
1 6702
1 1281
1 6681
2 2559 4404
1 5377
1 633
1 1778
1 4763
198 38 52 56 70 197 205 210 214 236 238 332 340 403 420 427 449 453 456 466 491 557 558 584 615 637 688 692 716 730 741 753 782 795 858 865 881 930 1048 1069 1072 1120 1136 1151 1159 1170 1176 1204 1222 1236 1266 1297 1302 1346 1358 1365 1397 1419 1423 1429 1470 1475 1494 1501 1519 1527 1528 1577 1582 1611 1638 1651 1664 1671 1679 1701 1781 1809 1822 1842 1895 1922 1932 1982 2003 2010 2060 2075 2078 2084 2102 2157 2183 2251 2275 2311 2312 2347 2396 2446 2577 2587 2589 2605 2626 2640 2649 2658 2671 2691 2753 2767 2770 2796 2807 2868 2919 2949 2964 2966 2974 3063 3088 3094 3137 3157 3159 3177 3182 3262 3322 3373 3430 3446 3448 3486 3516 3544 3571 3579 3591 3608 3618 3657 3664 3678 3719 3745 3859 3880 3882 3897 3917 3938 3941 3982 4003 4011 4013 4036 4066 4134 4188 4278 4287 4290 4345 4347 4349 4498 4499 4579 4609 4640 4649 4656 4672 4685 4693 4699 4701 4715 4765 4784 4922 4938 4941 5077 5140 5176 5216 5342 5611 5640 6221 6232 6234 6343 6360
2 3967 4942
1 3556
1 197
1 4358
3 462 1913 2282
2 2828 4011
1 1610
1 3762
2 1738 4897
1 2904
1 1736
1 1783
1 5768
1 4292
1 1424
2 2131 4155
2 266 4107
1 1049
1 2905
1 3932
1 860
1 4151
1 2916
1 2517
1 2662
1 1614
1 5632
1 3753
1 1956
1 1092
1 713
2 542 837
1 4406
4 779 3090 5201 5880
1 2677
1 4403
1 4664
1 3947
1 5347
1 2459
1 2016
1 5351
3 4963 6136 6138
1 5986
1 4716
1 2591
1 6262
1 4038
1 4939
1 6718
1 2833
3 1909 3425 4022
1 6538
1 6402
1 5420
1 2412
1 3596
1 4328
1 2284
1 2432
1 5947
1 131
2 5011 6745
1 3851
1 2840
1 1016
1 3365
1 4934
2 4806 6588
1 575
1 4094
1 66
1 713
6 337 378 921 2318 3115 3458
1 538
1 4186
1 675
1 283
1 3345
1 6165
1 3131
1 4733
1 1487
1 5451
1 1589
1 3166
1 1479
1 3181
1 5922
1 5284
2 485 3225
1 5482
1 3077
1 3622
2 2720 4121
1 3473
1 1641
3 1468 2671 4201
1 4939
1 3685
1 4257
1 150
1 4863
2 4428 6194
1 6588
1 3
1 6797
2 813 2597
1 2747
2 9 1102
1 6730
1 617
1 4545
1 6631
1 5150
1 4419
1 3967
1 5663
1 1686
1 2235
1 1861
1 3078
1 523
1 1222
1 620
1 1161
1 5292
1 6567
1 5458
1 5793
1 216
1 713
1 1457
1 4107
1 3166
1 1620
1 1413
1 545
1 2084
1 3736
1 2024
1 4872
1 6047
1 462
1 6128
1 4264
1 2973
1 3271
2 1975 3428
1 5829
1 1201
1 1517
1 3305
1 5731
1 3799
1 18
1 4851
1 6593
1 4480
1 3174
1 3245
1 1308
1 6744
1 6262
1 4630
1 841
1 6602
1 3433
1 4585
1 3119
1 423
1 3017
2 1201 2281
2 403 687
1 2294
1 1843
1 1395
1 2535
1 6623
1 2729
1 5156
1 6604
1 3668
1 2450
1 247
1 1429
1 1369
1 4247
1 5112
1 496
1 2727
1 4607
1 5918
1 6571
1 4919
1 5932
1 322
1 6671
2 3593 4804
1 3379
1 5892
3 1130 1736 2647
1 300
1 4072
1 5420
1 6578
1 5232
1 2900
1 1672
1 6151
1 5141
1 5354
1 1438
2 1216 4465
1 44
3 1275 1471 2553
1 3415
1 3032
1 5158
1 776
1 2404
1 6409
1 2117
1 3993
1 5490
1 6215
1 4397
1 3789
1 71
1 5154
1 3898
1 5175
1 5187
1 1889
1 5824
1 3943
1 1894
1 5550
1 1147
1 6361
1 5139
1 2572
3 1552 5825 6149
1 1535
1 5305
1 705
2 3534 3900
1 1482
1 2964
1 6390
1 6428
1 4211
1 1661
1 546
1 3384
1 6566
1 1767
1 5142
1 6073
1 936
3 1867 3841 4306
1 3941
1 1676
1 5457
1 6335
2 1646 2782
1 840
3 1248 3222 4483
1 6193
1 5103
1 397
1 955
1 2834
1 1415
1 4684
1 6652
1 562
1 6830
2 2744 5491
1 1459
1 988
1 3840
1 2541
1 2077
1 6838
1 1229
1 4539
1 1935
2 149 5152
1 3146
1 5792
1 575
1 534
1 3821
1 2046
1 6792
1 3180
1 4584
1 6769
1 6104
4 210 928 2476 2936
1 2450
1 3086
1 2846
1 2141
2 4868 5801
2 1221 4106
2 1562 4341
4 1012 1115 1459 1909
1 5338
1 6193
1 4602
1 6861
1 1284
1 6123
1 3271
1 5534
1 3716
1 2816
1 5273
3 283 2549 4050
1 3672
1 5050
1 5470
1 6736
1 733
1 2236
1 4863
1 3416
1 6781
1 4602
1 743
1 4435
1 1752
1 6735
1 465
1 1165
1 486
1 385
1 4167
1 466
1 2447
2 2444 4870
2 3571 6722
1 361
1 5094
1 1426
1 3949
1 6764
1 2056
1 429
1 2298
1 2389
2 2172 2434
2 4253 6680
2 971 2234
1 1208
1 4638
2 2634 6655
1 6529
1 3148
1 3358
1 2508
2 425 5741
1 2112
1 4855
1 1714
1 4624
1 6718
2 1589 1669
1 1972
1 1433
2 634 4732
1 952
1 886
1 3215
2 210 2337
1 4199
3 427 3166 3590
1 3423
1 1029
1 1006
1 2567
1 35
1 6273
1 3186
1 6076
2 1258 2428
1 4656
1 83
1 3237
2 5829 5831
1 4447
1 1376
1 15
1 6806
1 4835
1 1882
1 857
1 6007
1 1205
1 835
1 13
1 3416
1 4116
1 73
1 1417
1 1214
1 5344
1 6362
1 1802
1 6719
1 335
1 3789
1 5820
1 209
1 2585
1 2294
1 6252
1 2330
1 3750
1 4530
1 2072
1 811
1 839
1 5017
1 1910
1 1045
1 4021
1 6351
1 2269
1 3926
1 4872
2 3345 6802
1 2885
1 6651
2 2277 3772
1 4541
1 5907
2 693 3752
1 2606
1 6226
1 2711
1 529
1 3828
1 2085
1 6770
1 2451
1 2514
1 300
1 4689
1 4683
1 3672
1 3594
1 2900
1 3047
1 5331
1 698
1 2813
1 4092
1 1560
1 6068
1 4644
1 4775
1 2866
1 971
1 2192
1 305
1 2027
1 1898
1 6766
1 4896
2 4869 5170
1 2056
2 2929 5035
1 6255
1 1439
1 819
1 328
1 2316
1 316
1 1918
1 6612
1 4298
1 3782
1 1244
1 4451
1 5882
1 335
2 4467 4476
3 4806 5005 5405
3 1329 1435 1866
1 6294
1 622
1 6601
1 4334
1 1938
2 4587 5053
1 6593
1 6767
1 3293
1 1882
2 5474 6214
1 2840
1 6015
1 6173
1 2317
1 1990
1 3380
5 3237 4088 6306 6651 6726
1 1882
1 3153
1 6178
1 2526
1 694
1 2198
1 4783
1 3643
1 6670
1 4791
1 391
1 1964
1 5014
1 3823
1 2451
1 5352
1 4179
2 259 4889
1 4667
3 201 3278 3279
1 1433
1 1907
2 3314 3870
1 4173
1 3317
1 4602
1 4442
1 2617
1 3100
1 3829
2 5159 5266
1 3556
2 109 5248
1 1817
1 6267
1 1536
1 6458
1 4513
1 2074
1 2327
1 5784
1 2426
1 951
1 2056
1 893
1 6695
1 2941
1 2625
1 3908
1 1327
1 5243
1 1538
1 6034
1 1435
1 6281
1 6265
1 5689
2 617 5047
1 543
1 3333
1 3275
1 6416
1 1797
1 5658
1 3150
1 2301
1 713
1 6670
1 3672
1 372
1 4899
1 2131
1 1116
1 6864
1 451
2 244 1553
1 5956
2 2510 3747
2 5371 6483
1 83
1 5484
2 1293 1702
1 4294
1 6313
1 365
4 6145 6146 6152 6606
1 5288
1 4233
1 1037
2 2175 4194
1 4341
1 2727
1 6663
1 5190
1 65
1 4832
1 3688
1 1243
1 6308
1 5326
1 6419
1 1702
1 1880
1 3899
1 6430
1 6648
1 4298
1 2824
2 167 1898
1 3073
1 308
1 950
1 490
1 3785
1 6633
1 4594
1 6111
1 2176
1 5571
1 2314
3 302 3621 3932
1 3060
4 859 1917 2999 3086
1 6622
1 1205
1 152
2 3677 4515
1 5970
1 1193
2 2726 5679
1 4563
1 3849
1 4495
1 3937
2 644 883
1 83
1 6749
1 2429
1 2930
1 3736
1 2903
1 2197
1 4800
1 935
1 959
1 1927
1 6040
1 4602
1 576
3 210 928 4291
1 3871
6 565 660 2505 2764 4450 4462
1 5153
1 6662
1 3779
1 2190
2 6427 6428
1 3403
1 1840
2 341 1995
1 6594
1 1091
1 1191
1 6217
2 4078 6542
1 539
1 478
1 3328
1 4823
1 1249
1 3319
1 1663
2 5064 6588
1 3953
1 271
4 1999 3035 3421 6129
1 4489
1 2168
1 5934
1 5576
1 4686
1 3214
1 483
1 1991
1 3611
1 1113
1 3806
1 5174
1 3177
1 3056
1 5306
1 1726
2 2346 3978
1 5098
1 6452
1 3497
1 1994
1 1241
2 5538 6214
1 4612
1 6432
1 6295
1 2945
1 3131
1 485
2 1544 4183
1 5418
2 2747 5254
1 970
3 152 1721 2635
1 153
1 3539
1 3642
1 6629
1 606
1 5761
1 1670
1 4475
2 2664 6205
1 6515
1 1589
1 3428
1 403
1 2212
1 6587
1 174
1 6112
2 2234 4515
1 2499
1 5666
1 1433
1 3059
1 6746
1 1679
1 1380
1 336
1 4927
1 6690
1 4519
2 4984 5096
2 2530 4406
1 3290
2 4242 6545
1 5619
2 2661 5304
2 4977 6439
1 498
1 4682
1 3375
1 197
1 3085
1 974
1 6636
2 5008 6518
1 702
4 1067 2058 4611 5390
2 315 5931
1 2286
1 4170
1 6159
1 3293
1 3081
1 2841
1 2970
1 4482
1 6117
1 5347
2 2295 3292
1 3908
1 5093
1 1225
1 6187
1 2132
1 948
1 3888
1 2587
1 4143
1 4995
3 6320 6354 6359
1 5388
1 4833
1 2887
1 1278
1 3143
1 4336
1 1419
1 4804
1 6792
1 1451
1 1849
2 2343 4322
1 3626
1 5511
1 3425
1 3333
1 5438
1 6588
1 5603
1 6754
1 5382
1 9
1 3240
1 6713
1 5228
1 4833
1 727
1 6121
1 6750
1 73
1 1150
1 5279
1 4589
1 3555
1 6605
1 6774
1 5088
1 6465
1 5949
1 576
1 6207
1 6119
2 1459 2982
1 3747
1 5454
1 1924
3 202 2146 4005
1 5584
1 1433
1 2004
3 1750 4981 4986
1 4883
1 6515
1 1307
1 6603
2 486 2924
1 2024
1 2946
1 5749
1 3740
1 5830
1 6541
1 1618
1 3384
1 3658
3 852 4694 5787
1 1890
1 1159
2 3010 6497
1 5456
2 27 3027
2 2244 3802
1 5258
1 3784
1 5819
6 2075 2203 2853 3367 5674 5720
1 2128
3 1469 2946 5856
1 5605
4 224 1674 3869 5897
1 1908
1 3286
1 2588
1 4050
1 6265
1 3105
1 850
1 239
1 6553
1 328
1 829
2 4383 5311
1 4537
1 5649
2 1480 6440
1 1035
2 5224 5471
1 1782
1 5467
1 466
1 2574
2 5910 5943
1 5923
4 2173 2860 5976 6455
1 402
1 5474
1 366
1 6515
1 1639
1 1752
1 1666
1 1120
1 5945
1 4358
1 3237
1 4374
1 2224
2 3753 5185
1 5618
1 4009
1 4004
3 661 1554 5921
1 6511
1 6060
1 1061
1 3423
1 3827
1 5710
1 5852
1 4867
1 6182
1 5396
1 2193
1 4069
1 4817
1 3380
1 2805
1 1413
2 2986 3573
2 1904 5526
1 1760
3 423 4060 6568
1 2087
1 2010
1 720
2 2088 4346
1 5282
1 4589
1 3009
1 2903
1 1120
1 5670
1 5547
1 5040
1 6251
1 3600
1 4341
1 5738
1 1128
1 6481
1 3189
1 5516
1 2147
2 1930 4729
1 5142
1 5786
1 1136
1 2117
2 5118 6307
1 4572
1 2011
1 6588
1 5916
1 5508
1 2465
1 4018
1 3589
1 1235
1 3114
1 2405
2 3817 4533
1 5835
1 3013
1 5466
4 471 3103 3272 3975
1 862
1 2305
2 2392 3602
1 6173
1 5059
1 2516
2 184 4194
1 1657
1 5117
1 3220
3 538 2137 5942
1 447
1 354
1 31
1 6389
1 2606
1 2206
1 1981
1 1494
1 4949
1 3807
1 627
1 1814
2 1121 4291
1 282
1 6508
1 2470
1 5626
1 3497
2 5271 5608
1 5881
1 479
1 6699
1 3883
1 32
1 585
1 3900
1 3355
2 525 2709
2 3401 3740
1 5350
1 1729
2 4863 5548
1 616
1 5586
1 101
1 3672
1 1769
1 475
1 5814
1 804
1 2013
1 5346
1 5666
1 4543
1 3219
1 30
1 54
1 1393
1 801
1 5565
1 3164
1 6536
2 1633 4294
1 5896
1 6600
2 480 1157
1 3173
1 1177
1 2650
1 836
1 487
1 3275
1 1337
2 498 1468
2 1631 5335
1 896
1 623
1 3795
1 4910
1 3309
1 3609
1 2655
1 5118
1 1965
2 835 5465
1 4098
2 1909 5866
1 4506
1 4028
1 3504
1 259
1 6480
1 4810
1 21
1 2699
1 6482
1 3675
1 1367
1 6074
2 651 3747
2 1064 4424
2 2270 5931
1 5105
1 5967
4 4722 5167 5393 6588
1 3308
2 3525 3722
1 3658
1 465
1 4804
1 2540
1 4476
1 3398
1 3976
1 4932
1 6774
1 4569
1 1772
1 373
2 971 5075
1 5111
1 6477
1 2297
1 5007
1 948
1 155
1 2930
1 6718
1 4428
1 6799
1 1164
1 3199
1 3109
1 6606
1 3511
1 3672
2 5646 6455
1 2477
1 196
1 1480
1 2812
1 6588
2 1817 4399
1 2922
1 4601
1 5516
1 328
1 1005
1 5643
1 5932
1 1031
1 2379
1 6621
1 3966
1 4923
1 2387
1 297
1 2528
1 2619
1 2156
1 1021
1 6171
1 4586
1 3810
1 328
1 2960
1 5984
1 16
5 94 253 358 515 1359
2 5173 6255
1 2566
2 1312 2354
1 4608
1 6406
1 2522
1 4475
1 6576
1 654
1 2056
1 2423
1 6452
7 249 2135 2752 3440 3994 4327 4344
1 542
1 1262
1 5400
1 3505
1 6423
1 2236
1 2871
1 5349
1 2805
1 2542
1 5045
1 5517
1 1905
1 2240
1 2349
1 3365
1 5532
1 5044
1 5064
1 3814
1 671
1 6825
1 6772
2 1979 5459
1 5986
1 5193
1 954
1 5932
1 1462
2 373 831
3 3200 3895 3963
2 4062 5752
1 6721
1 3127
1 5034
1 2435
1 5389
1 3722
1 4671
2 687 1293
1 1916
1 2490
1 774
1 1055
1 1770
1 2547
1 5822
1 6594
1 5926
1 5588
1 292
1 5633
1 4718
1 338
1 6828
1 3424
1 4663
1 1373
1 1927
1 6659
1 3181
1 6237
1 4500
1 1400
1 5087
2 6349 6395
1 4946
1 6785
1 2622
1 4411
1 3702
1 5197
1 3019
1 3134
1 1095
1 5310
2 1313 3536
2 269 6591
3 579 3913 4419
2 3121 3154
1 4597
2 2861 3496
1 5626
1 2553
1 1518
1 5714
1 167
1 6589
1 2833
1 4276
1 533
2 2578 5954
1 5326
2 5414 6707
1 436
1 3828
1 6826
1 6486
2 2663 3189
1 448
1 5622
1 4572
1 6848
2 500 4268
1 4711
3 3747 4799 6582
1 1799
1 2246
1 6216
1 1713
1 3766
1 3362
1 5718
1 5638
1 6040
1 4603
1 6319
1 3436
1 4602
1 5223
1 259
1 83
1 135
6 280 1876 2817 3360 4007 4350
8 3683 5457 5459 5460 5470 5479 5526 6717
1 866
1 3679
1 5241
1 657
1 3757
2 274 667
1 3441
1 270
1 1672
1 1432
1 983
1 6180
1 1566
1 5693
1 6147
1 1504
1 11
1 2773
1 245
1 2149
1 6064
1 1062
1 145
2 2206 3685
1 5406
1 3747
1 12
1 2016
1 781
1 1400
1 1205
1 6200
1 3881
2 699 1610
1 6216
1 590
3 4667 5375 5676
1 1327
1 2058
1 3672
1 1943
1 6180
1 6691
1 6075
1 5409
1 6494
1 2822
1 567
1 2537
1 1352
1 2246
1 3422
1 3028
2 3429 4660
1 623
1 5987
1 1534
1 5434
1 2118
1 6569
1 978
1 3908
1 4662
1 3118
1 5548
1 3881
2 4973 5007
1 1717
1 882
1 5586
1 4578
1 4872
1 2398
1 4050
1 488
2 211 875
1 3728
1 4970
1 6183
1 2598
1 5797
1 2571
1 1114
1 669
1 862
1 5719
1 4338
1 1835
1 1429
1 3122
1 6340
1 1539
3 97 1373 4619
1 1742
2 2161 3670
1 2136
1 6576
1 6697
1 3971
1 3188
53 175 362 445 455 571 580 632 758 775 827 984 1086 1156 1169 1187 1255 1362 1692 1801 1915 2021 2287 2293 2351 2383 2618 2682 2696 2700 2839 2856 2907 2918 2988 2991 3156 3369 3537 3543 3607 3625 3666 3686 3690 3742 3818 3979 4034 4162 4226 4232 4410 5469
1 2951
1 5419
1 4652
1 3954
2 174 6639
1 296
1 6466
1 3642
1 4909
1 5666
1 6211
1 2328
1 4265
1 3161
1 5968
1 5322
1 3847
1 2246
5 1779 2345 3247 4421 6562
1 4294
1 6416
1 3244
1 3885
1 1898
1 2483
1 5097
1 192
1 1555
1 2753
1 2562
1 141
1 432
1 3684
1 4281
1 1276
1 5655
1 2922
1 3694
1 1106
2 627 3667
1 5919
2 4060 4890
1 6025
1 5542
1 3306
1 1593
1 5345
1 711
1 6547
1 108
1 4627
1 6424
1 1573
1 3192
1 1130
1 5200
1 2343
1 4954
1 853
1 64
1 6744
1 6753
2 2489 2738
1 2716
1 6209
1 6626
2 1221 3753
1 6736
3 2164 2214 2873
1 6436
2 737 2117
2 4778 6329
1 2467
1 5031
1 1948
1 3047
1 294
1 1544
1 6629
1 1499
1 5042
1 156
1 6078
1 5080
1 5453
1 1578
1 2732
1 4171
1 493
1 5233
1 2562
1 5617
1 5833
1 5942
1 5095
1 603
2 3648 5287
1 3205
2 1115 4435
1 876
1 3078
2 6253 6524
1 4168
1 6010
1 4428
1 6600
1 1480
1 1727
1 3898
1 3994
1 6212
1 3708
2 645 1124
1 3653
1 2773
1 5388
1 5688
1 6333
1 3830
1 3468
1 2015
1 4439
2 22 1916
1 1120
2 1968 2199
1 3898
1 2095
1 6753
1 3717
2 2255 4387
1 3530
1 5885
1 1047
1 302
1 5586
2 3932 4118
1 3662
1 1808
1 2971
1 1305
1 2141
1 6862
1 3927
1 159
2 6169 6758
1 1106
1 13
1 4807
1 1218
1 1274
1 5664
2 144 538
1 4985
1 4012
1 5309
1 4227
1 1280
1 867
1 3180
1 6507
2 1943 3729
1 96
1 1094
2 2282 3213
1 5093
1 1572
1 1699
1 3125
1 2782
1 623
1 2491
1 4376
1 4993
2 4803 5650
3 955 1669 1865
1 4532
1 1088
1 6072
1 6338
1 5349
1 5781
1 1897
1 3131
1 6731
1 3892
2 1198 5815
1 2378
2 3196 5131
2 3627 5442
1 1214
1 2850
1 5433
1 3597
1 2592
1 4420
1 122
1 4000
2 3370 5851
1 3336
1 4056
1 2158
1 3828
2 1537 2322
1 5986
1 6417
1 2576
4 1335 1738 2369 4324
1 177
1 2776
3 528 2806 4339
1 6495
1 5629
1 6756
1 3955
1 134
1 4667
1 5741
1 1208
2 3489 3973
3 1271 1592 3413
1 2587
1 4555
1 1408
1 554
1 2453
1 5349
1 4837
1 6808
1 476
1 2917
1 3781
7 5709 5711 6063 6065 6066 6068 6070
1 1546
1 4566
1 376
1 868
1 2557
1 550
1 4207
1 2464
1 4572
1 893
1 1210
1 1900
1 6176
4 516 1330 3463 5153
1 4801
1 4760
2 1628 2890
1 308
4 1252 1926 2254 2463
1 1633
1 2317
1 1752
1 1315
1 1126
3 3526 4514 6070
1 4329
1 285
1 5575
1 1541
1 2481
1 1657
1 5447
3 6342 6381 6390
1 4518
1 6629
1 395
1 1115
1 5398
1 800
1 5507
1 2660
2 876 1909
1 558
1 2827
1 3981
1 3775
1 1967
1 5938
1 3685
1 4984
1 1667
1 5030
1 2517
3 85 339 1308
1 3560
3 5524 6214 6707
1 4065
1 5407
1 5038
1 6617
1 1718
1 4310
1 2395
1 5751
1 6151
1 4388
2 158 3851
1 5822
1 5415
1 3708
1 6813
1 6687
1 796
2 4014 4616
1 6623
1 1714
1 4632
1 6086
2 405 2612
1 2889
3 2925 2926 3887
1 2454
1 4112
1 3505
1 745
1 2872
1 874
1 266
2 4043 6029
1 4888
1 3059
2 2013 5988
1 6240
1 2515
1 1928
1 3648
1 2100
1 1523
1 718
1 4670
1 5816
1 6635
1 6774
1 3083
1 6079
1 3138
2 4760 4978
1 1609
1 6023
1 3459
1 5027
1 2192
1 2076
1 2830
1 5849
1 6491
1 1433
1 6538
1 6157
1 6480
1 3627
1 2815
3 2821 4691 5474
1 2975
1 2711
1 4882
1 4256
1 2840
1 5459
1 319
4 913 3863 3962 4716
1 6218
1 2584
1 3053
1 2650
1 5730
2 4712 4908
4 909 3368 4834 6011
1 2723
1 4836
1 3612
1 859
1 4214
1 2443
2 5034 6363
1 5188
1 5275
1 304
1 1736
1 6479
2 226 1725
1 278
3 986 2193 2798
1 4009
1 2650
1 5527
1 6694
2 6200 6329
1 864
1 6235
1 1459
1 1614
1 194
1 5311
1 5715
1 6647
1 6022
1 5350
1 5505
1 3147
1 5652
1 1909
1 3970
1 6074
1 2756
2 5971 6863
1 3562
1 3754
1 4801
3 5485 6355 6360
2 2375 3240
2 2458 4219
1 5501
6 4702 5780 6254 6344 6460 6501
1 3579
1 2829
1 15
1 4582
1 5798
1 1614
1 5379
1 2687
1 4667
1 46
1 675
1 3532
1 6312
1 4306
1 5857
1 4107
1 4082
1 3571
1 6727
1 39
1 3658
1 1467
3 1599 1920 4572
1 6105
2 2963 6267
1 6812
1 556
1 1200
1 3454
2 3415 4002
1 735
1 840
1 3223
2 3929 4163
1 348
1 6630
1 6097
1 6040
1 6196
3 4074 4190 4533
1 3323
1 261
1 4194
1 229
1 6483
1 4301
1 3378
1 4648
1 4626
1 6800
1 2193
1 2566
1 5064
1 5708
2 6062 6192
1 6590
1 1195
3 579 3871 4423
2 2078 3945
1 5961
1 1909
1 4265
1 3286
1 3698
1 2864
1 4956
1 3455
1 5893
1 6354
1 6552
1 2747
1 5759
1 3959
1 1305
1 3607
1 1352
1 6511
1 174
1 4848
1 2282
1 5279
1 6677
1 1302
3 2438 5304 5308
1 5751
1 4857
1 4689
1 3626
1 4353
1 2548
1 2118
1 4360
2 2440 6714
1 755
1 6191
16 190 246 624 647 683 762 1465 1643 2073 3071 3320 3752 3793 3999 4210 4620
1 1706
1 623
1 4778
1 634
1 6758
1 1687
1 4500
1 1556
1 5425
1 930
1 734
3 2440 3135 3773
1 5522
1 3237
1 1153
1 3768
2 2969 6657
1 5352
1 2833
1 5986
1 705
3 1449 6109 6122
1 5253
1 3251
1 6769
1 4639
1 6561
1 1589
1 1969
1 5986
1 5741
1 4593
1 5595
1 1919
1 1063
1 4297
1 5868
3 1297 2147 4423
1 230
1 2685
1 1459
2 3249 3638
1 1560
1 652
1 4713
1 4436
1 3609
1 5625
2 4247 4890
1 1974
1 6300
2 1310 3651
1 5220
1 1775
1 1759
1 5374
8 863 871 1749 2507 3305 3346 3377 4425
1 5918
1 2678
1 2258
1 2317
1 4240
1 83
1 780
1 2108
1 3288
1 3654
1 4059
1 1406
1 2578
1 2510
1 5007
1 2814
1 4655
1 3457
1 6834
1 4443
1 6163
1 2579
2 917 999
1 5373
1 5711
1 2117
2 2546 2619
1 403
1 3033
1 4807
1 5528
2 1459 5571
1 5579
1 1436
1 3922
1 518
1 6286
1 1424
5 971 1115 2137 2865 4472
1 4842
1 4519
1 6118
1 5081
1 5384
1 4797
1 5102
1 1913
1 1458
1 5064
1 1246
1 3085
1 2544
1 5814
1 6368
1 4723
4 2485 6161 6166 6168
1 6085
1 1101
1 1240
1 5381
1 3753
1 1281
2 3931 4100
1 2637
1 3466
1 3336
2 1589 1634
1 1641
1 4657
3 3987 4503 4675
1 3519
1 5757
1 114
2 4675 5302
1 5515
1 4688
3 218 1794 2274
1 1703
1 262
3 1020 1961 2021
1 2013
1 6832
2 3685 3698
1 6422
1 4613
1 3601
1 898
1 4708
1 5788
1 2196
1 1695
1 6711
1 2549
1 5754
1 714
1 2684
1 2835
1 4033
1 5916
1 157
1 2131
1 2417
1 3881
1 4452
1 5961
1 3340
2 2123 3496
2 2671 5708
1 3970
1 3423
1 4248
1 3996
1 4659
1 1077
6 644 3491 5051 5422 5474 6423
1 416
1 6035
2 3684 4416
1 4882
1 6594
2 5907 5908
1 4951
1 2474
1 2141
1 5308
1 2595
3 1277 1921 2742
1 1136
1 4349
1 3825
1 2264
1 3225
2 1829 2863
1 2833
1 4103
1 3282
2 6423 6641
1 5795
1 2268
1 6461
1 5563
3 1121 4715 4884
1 2746
1 1427
1 4770
1 5666
3 457 1064 3706
1 1817
5 1133 2436 2772 4337 5069
1 5904
1 230
1 3324
1 3844
1 4263
1 2775
1 2516
1 6559
1 3933
1 2448
1 5888
1 918
1 3747
1 6185
1 979
1 6249
2 1011 4884
1 5857
1 6053
1 1953
1 1576
2 3454 5234
1 2448
1 2281
1 4602
1 5165
1 987
1 2389
1 6567
1 2014
1 2033
1 5724
1 6162
1 574
4 394 1606 2414 3264
1 3237
1 3224
1 3323
3 1704 5320 5618
1 3404
1 5270
1 6222
1 6371
2 1791 2385
2 1398 6106
1 4541
1 727
1 3609
2 1515 5897
1 2725
1 6608
1 4159
1 5172
1 3791
1 298
1 387
2 242 3923
1 4671
1 1730
1 1934
1 4242
1 6231
2 1812 4311
1 5239
1 4835
1 807
1 5487
1 2457
3 2550 3366 5260
1 3614
1 4755
1 3620
1 1115
1 105
1 1305
1 3932
1 30
1 3903
1 6450
2 2106 3238
1 2638
1 1935
2 759 6194
1 3214
1 4645
1 6529
1 2249
1 1410
1 6613
1 6034
1 1221
1 2449
3 137 4463 5969
1 4910
2 4592 4633
1 3848
1 3832
1 4515
1 1917
1 4367
1 4778
1 2754
1 6787
1 6806
1 5227
1 5591
2 1896 3359
1 64
1 5565
1 6813
1 1796
1 6571
1 2903
1 1859
1 6120
1 6241
1 3364
1 451
1 4221
1 3991
1 5796
1 5857
1 5586
1 5180
1 3919
1 1719
2 2040 2516
1 298
1 3660
1 3483
1 3
1 5666
2 89 4430
1 5117
1 4289
1 1207
1 2182
1 5358
1 2400
1 5089
1 6037
1 4489
1 3622
1 6053
2 1622 4446
1 5253
1 5780
1 2343
1 4010
1 5759
1 4220
1 5822
1 5005
1 3693
1 5918
1 5666
1 5115
1 5345
1 2753
1 1724
1 1635
1 903
1 6202
1 1320
48 102 207 252 301 472 515 555 630 658 696 764 926 966 1065 1144 1188 1282 1409 1498 1570 1743 1756 2032 2081 2187 2214 2232 2336 2413 2538 2669 2701 2710 2730 2854 2965 3460 3480 3499 3583 3610 3629 3756 3926 4101 4398 4438 4556
1 57
1 6315
1 5273
1 4273
3 1811 3498 5141
1 2141
1 4678
1 3893
1 4599
1 5957
1 4103
1 3473
1 5610
1 5391
1 1521
1 2343
3 4515 5002 6838
1 5932
1 6377
1 6414
2 215 476
1 3144
1 1795
1 6716
1 1254
1 5576
1 2661
1 1662
1 1827
1 1298
1 4135
1 1732
1 3251
1 2827
2 468 2650
1 4646
1 4966
1 1555
1 876
1 5277
1 833
1 5179
1 4064
1 1374
2 1070 2937
1 4950
1 6701
1 6640
1 6018
1 4107
1 3891
1 120
1 5898
1 6848
4 1561 1792 2012 3389
1 6559
1 601
1 6049
1 3336
1 907
3 2256 3388 6812
1 5558
3 1632 3070 3662
1 4366
1 5802
1 2050
1 5711
1 3009
1 3863
1 254
2 1339 5554
1 3685
1 5920
1 3915
1 3517
1 5972
1 6364
1 1732
1 1417
1 4888
1 3757
5 227 2015 3260 3326 4200
1 3797
1 3813
1 5875
1 2743
1 6413
1 1890
1 5182
1 424
1 6845
1 5952
1 1608
1 6651
1 4037
1 1340
1 6032
1 1444
1 5623
1 3487
1 5435
1 1312
1 1403
2 1894 5113
1 4081
1 6143
1 3721
1 3848
1 6529
1 2438
1 4816
1 6309
1 4174
4 228 397 456 1975
1 4612
1 2683
1 1403
2 3370 6646
2 2008 2930
1 2814
1 1056
2 4526 4534
2 504 2896
1 3649
3 1041 2048 4440
1 4152
11 89 2211 2518 2660 2808 2847 3038 3061 3563 4395 4743
1 4977
2 560 3140
1 6534
1 5939
1 3932
1 598
1 3318
1 1701
1 4923
1 4991
1 6750
1 1352
1 1718
1 3248
1 568
1 5636
1 6447
1 4729
1 780
1 6775
1 4093
1 5674
1 3892
1 1855
1 6796
1 5182
1 2321
1 3779
1 3549
1 349
1 3671
1 6631
1 1209
1 5725
1 2443
1 2052
9 63 893 1113 1294 2113 2428 2793 4710 5254
1 1928
2 5856 6424
1 1769
1 2964
1 1040
1 2385
2 4546 5653
1 855
1 3551
1 5666
1 6453
1 6495
1 3720
1 4825
1 4385
2 4925 5078
2 1247 4717
1 6288
1 4435
1 5082
1 5486
1 4444
1 3782
4 3882 4428 4487 6110
1 332
4 194 835 1189 5643
1 2519
2 3352 6184
1 4126
1 5666
1 1713
1 5025
1 5618
1 6666
1 971
2 982 4594
1 3107
3 2646 2846 6194
1 5114
1 1137
1 5308
1 684
1 6588
2 282 474
1 4288
1 2508
1 6675
4 4497 5131 5162 5254
3 698 893 4036
1 2141
1 6716
1 6797
1 1583
1 1286
1 2234
1 5313
1 6845
1 768
1 6729
1 5358
1 266
1 3272
3 1281 4719 4921
1 6784
1 2544
1 3271
1 5135
1 6001
1 3566
3 4852 5295 5334
2 154 1433
1 1115
2 492 2647
1 2983
1 2467
1 919
1 6779
1 1986
1 1118
1 6549
1 6574
1 4473
1 3831
1 4482
1 3980
3 5872 6732 6845
1 2272
1 1942
1 5889
1 42
1 2106
1 121
1 335
1 891
3 5040 5661 6013
1 2872
4 4890 5222 6139 6799
1 3658
1 4435
1 1278
1 1514
1 2954
1 4133
1 2204
1 3627
1 2201
1 29
1 1934
1 3536
2 687 1264
1 6735
1 2520
1 3950
1 4561
1 3002
1 2237
2 862 2922
1 6573
1 4355
1 1942
1 4912
1 6284
2 915 2044
1 2137
1 1194
1 783
1 3925
1 5925
1 1615
1 3332
1 5845
1 5913
1 3987
1 650
1 540
1 2137
1 6838
1 5048
1 5169
1 826
1 5865
1 1795
1 3645
1 261
1 171
2 6363 6462
1 6284
1 403
1 6236
1 2117
1 5638
1 93
1 1411
2 1122 3828
1 1085
1 3817
1 4029
1 386
2 1014 1043
2 713 1092
1 3453
1 937
1 1766
2 1633 3370
2 283 5705
1 5090
1 1274
1 4042
1 4902
1 6628
1 4004
1 5536
1 3800
1 4546
1 6722
1 5510
1 5436
1 6326
2 1887 4602
1 4120
1 3370
1 4496
1 3272
1 3097
1 4965
2 5779 6424
4 1097 1358 4623 6545
1 4606
1 3128
1 4731
1 838
1 5583
1 1712
1 2558
1 1755
1 1439
4 488 1923 3621 4302
1 6200
1 6026
1 4871
1 970
1 6386
1 230
1 3541
1 308
2 1264 2512
1 2139
1 5666
1 6467
1 6825
1 5174
1 5055
1 4714
1 3497
1 2088
1 5615
3 777 2045 2564
1 6545
1 5548
1 6039
1 3321
1 6201
1 4573
1 3821
1 2088
1 2305
1 6644
1 1049
1 1479
1 305
1 5205
1 830
1 667
1 70
1 1504
1 1223
1 412
1 4003
1 6770
1 2492
1 4872
1 6268
1 2193
1 4615
1 186
1 842
3 3779 4875 5258
1 5249
1 1214
1 2866
1 1279
1 6517
1 2616
1 870
1 6324
1 6716
1 3672
1 5033
2 2071 2367
1 1924
1 6274
1 4406
1 636
1 6752
1 1663
1 4580
1 3620
3 2065 4538 4555
3 1082 3916 3920
1 116
2 4597 4602
1 1319
1 3711
1 3329
1 4435
1 4996
1 3135
1 3713
1 2994
1 1102
2 4602 5821
1 6233
1 5522
1 5960
2 552 4386
1 6643
1 4254
1 6503
1 6394
2 6548 6550
1 4421
1 5075
1 4362
1 2242
1 6854
1 4652
1 1724
1 2933
1 2354
1 4114
1 331
5 1163 2036 2097 3652 3828
1 4742
1 5708
1 1507
1 6547
1 5703
1 5352
1 4711
1 4365
1 700
1 2392
3 210 2337 4334
1 5697
1 5249
1 6623
1 5215
1 2370
1 6674
2 2661 4032
1 3111
1 2619
1 3304
1 3559
2 4654 6069
2 5739 6322
1 5150
1 384
2 2131 5022
2 258 862
1 1106
1 5432
1 726
1 4876
1 5308
1 3496
2 2698 5528
1 3395
1 6461
1 802
1 6525
1 5552
1 2396
1 1827
1 2193
1 4337
1 6049
1 2365
1 6751
1 6425
1 4868
1 1424
1 5767
1 6842
2 2615 3432
1 5872
1 4963
1 1430
1 214
1 2389
1 233
11 969 1428 1682 2215 2582 2809 2826 2940 3014 3845 4063
1 5471
4 79 1943 5968 6597
1 757
2 6024 6025
1 4202
2 671 1295
1 6600
1 2609
1 5244
1 4349
1 1179
1 4246
1 675
1 6789
2 4706 5012
1 1668
1 5878
1 4917
1 5566
1 1060
1 1379
1 2871
2 2206 3496
1 4760
1 1056
1 6783
1 4831
1 3578
1 802
1 4810
1 5181
1 5848
3 432 905 1647
1 6159
1 2207
5 2208 2487 2768 3746 4789
1 4417
1 516
2 4739 5303
1 2992
1 710
1 2614
1 6380
1 4489
1 4488
1 5964
1 5247
1 2110
2 4382 6732
1 942
1 6320
1 5171
1 6175
1 4345
1 4205
1 5902
1 0
1 4625
1 2558
1 5839
1 2678
1 3907
2 2173 3217
1 4370
1 1347
1 1672
1 802
1 6434
2 1113 4821
1 6698
1 224
2 4806 6779
1 1556
1 2159
1 5249
2 2508 2763
1 3654
1 1512
2 1547 2193
1 3153
1 6797
1 2805
1 3814
1 4482
1 1810
1 4434
1 6165
1 4768
1 3178
2 5468 6197
1 5336
1 6645
1 4805
1 6102
1 3
1 2855
1 4335
1 1555
1 1
2 6176 6245
1 3203
1 4324
1 5271
2 403 5894
1 2396
1 2156
1 990
3 1265 2942 3550
1 5942
2 6333 6725
1 6857
1 6011
2 245 1719
1 6450
1 3085
2 4320 5968
1 3497
1 4027
2 3298 3304
1 2148
1 4400
1 3118
1 544
1 2930
1 6702
3 2946 3078 5206
1 6115
1 962
1 5594
1 862
1 2507
1 3769
2 3456 3720
1 4550
1 374
1 767
2 4933 5255
1 3380
1 2416
1 3886
1 2695
1 5690
1 5016
1 6736
1 1427
1 4241
2 2714 4107
1 876
1 5961
1 5560
2 5885 6586
1 3512
2 2003 2590
2 498 727
1 2687
1 3172
2 3658 3835
1 4000
1 26
1 4414
1 5439
2 2749 2896
1 1829
1 308
1 4636
1 5665
1 6321
2 1868 5135
1 266
1 1182
2 5328 5337
1 6451
2 214 4024
1 3370
1 2660
1 3771
1 1991
1 2865
1 5552
1 4846
1 2545
1 6634
1 4894
2 3113 3643
2 403 1106
1 2778
1 5520
2 2665 4715
2 4337 6629
1 4289
1 3218
1 3750
1 3427
2 750 2361
1 373
1 2021
1 821
1 48
1 5755
1 1173
3 194 1979 5477
2 2674 5704
1 6501
1 2117
1 6809
2 608 1198
1 3948
1 6853
1 2315
1 3315
1 6053
1 5070
1 733
1 2631
1 6593
1 3784
1 6749
1 531
1 1925
2 3323 3497
1 485
1 2158
1 5949
2 1256 1540
3 2283 4104 4573
2 317 2343
1 556
1 4435
1 876
1 5321
1 3415
1 2071
1 3056
1 1328
2 2533 3939
1 1896
1 1148
1 713
2 3921 4730
2 1741 4419
1 1145
2 283 2086
1 3748
1 5210
1 402
1 5420
2 2353 4264
1 2451
1 5485
1 1484
3 3062 4473 6438
1 2348
1 5371
2 2632 4332
2 1223 2644
1 6064
4 408 669 4060 5108
1 5580
1 4198
1 1072
1 5157
1 3209
1 6851
1 6058
1 5740
1 2191
1 1943
1 6707
1 5385
1 4256
1 6553
1 1674
1 2041
1 3135
1 4705
2 6416 6625
9 568 2698 5432 5452 5504 5551 6698 6703 6712
2 6350 6365
1 2836
1 1360
1 3875
1 3721
1 202
2 3892 5905
1 4863
1 2515
1 2461
1 2209
1 4321
1 2369
1 4838
1 3914
1 3850
1 4149
1 2137
1 1944
1 5041
1 4617
1 2303
1 2085
1 2086
1 3323
2 5694 6497
1 4553
1 6551
1 3131
1 3509
1 6312
1 1453
1 1779
2 4516 5866
1 1556
1 579
1 5637
1 5022
1 4672
2 634 4529
1 2883
1 5261
1 4423
1 1741
1 3676
1 2024
1 2443
1 5699
1 197
1 1448
1 4231
1 1627
1 5890
1 749
1 2516
1 4854
1 2770
1 1547
1 5284
1 1356
1 3698
1 5317
1 5101
2 2340 4746
1 4777
1 2501
1 5801
1 348
1 6781
1 1244
1 5444
1 3875
1 1691
1 6195
1 1771
1 3235
2 3204 4493
1 1448
1 340
1 6384
4 890 3901 5539 6638
1 5320
1 2728
1 6715
1 687
1 45
1 5020
3 3345 5896 6464
1 5666
1 4635
1 1513
1 5335
1 5174
1 5415
1 579
1 1660
2 2334 3246
1 2516
1 530
1 1594
1 589
2 1909 3541
1 3765
1 4865
1 6417
1 5917
2 2795 6415
1 3347
1 2734
1 4723
1 2029
1 6628
1 160
1 1786
1 1931
1 1791
1 1827
1 4341
1 1587
1 4904
1 1896
1 3313
1 2488
1 261
1 564
1 6493
1 4920
1 2528
3 5519 6703 6840
1 2721
1 4717
2 5161 5427
1 3402
1 5694
5 556 2289 4799 5656 6084
1 1526
1 1724
1 2416
1 2516
1 4953
1 1136
1 6472
1 5209
1 1586
2 1296 2625
1 6386
1 6201
1 3751
2 356 2850
1 862
1 1044
1 2683
1 6610
1 403
1 6368
1 4294
1 4156
1 874
1 2439
1 5131
1 1608
1 6472
1 713
2 2749 3420
1 617
1 5398
1 2950
47 3 129 152 343 776 888 1184 1250 1569 2274 2462 3021 3084 3531 3714 3790 3809 4040 4176 4709 4935 4983 5058 5182 5184 5289 5293 5372 5378 5398 5502 5658 5667 5724 5736 6302 6389 6620 6722 6731 6771 6780 6788 6799 6824 6829 6835
1 4044
1 6404
1 1745
1 1985
1 7
3 5013 5572 5818
1 623
2 2064 3035
1 5795
1 1545
1 6749
1 4976
1 3622
1 2386
1 2527
1 3330
1 5765
1 3449
1 2049
1 5281
1 4358
1 3380
1 2563
1 6399
1 3838
1 4604
1 689
1 6503
2 829 1896
1 3434
1 937
1 132
2 1527 4252
1 4907
1 4692
1 1943
1 4107
1 5600
2 3343 4780
3 5464 5488 6706
1 6298
1 6461
1 186
1 5312
1 2431
1 448
1 2276
1 4749
1 4242
1 1714
1 6438
1 2527
1 6193
1 1782
6 905 1828 1892 2126 2806 2980
1 2476
1 2904
1 973
1 6613
1 3108
1 2904
1 1472
1 244
1 4294
1 1426
1 5271
1 2150
1 6609
1 4594
1 1389
1 4866
1 3304
1 3027
1 6622
1 790
1 38
2 1130 5537
1 1813
1 6563
1 1673
1 1626
1 3110
1 3330
1 3419
2 1837 2687
1 6299
1 5421
1 3348
1 6493
1 3565
1 160
1 3301
2 386 2268
1 705
1 5871
1 2718
1 223
1 6864
1 1709
1 5932
3 1533 1795 3305
1 4045
1 3904
1 3649
1 5824
1 4967
1 725
1 1759
1 1924
1 687
1 6782
1 1290
1 3658
1 6255
1 23
1 3043
1 6847
1 10
2 1065 4185
1 2955
1 1090
1 2410
1 2013
1 2212
1 4423
1 829
1 4888
1 2247
1 6780
1 6457
1 4182
1 4889
1 3987
1 3527
1 4731
1 1208
1 5769
1 5163
1 845
1 2789
1 4443
1 1274
3 5451 6705 6795
3 634 2755 4127
1 5756
1 5711
1 3284
1 3006
1 2418
1 2053
1 1285
2 6336 6395
1 6156
1 3661
1 423
1 4120
1 1750
1 6178
1 1556
2 1898 5672
1 1170
1 2813
1 4856
1 196
1 2433
3 6338 6348 6351
1 2699
1 668
1 1593
1 2016
1 3866
1 2443
1 6234
1 196
1 5391
1 1568
1 706
1 3370
1 3004
1 4270
1 4850
1 4802
1 6222
1 1173
1 6218
1 4793
1 3691
2 2141 6803
2 2429 3133
3 5752 6204 6708
1 1791
1 2874
1 4988
1 4866
1 6830
1 1297
1 6767
1 1024
1 5513
1 6171
1 2471
1 2787
1 6244
1 3701
1 5742
1 5908
1 1227
1 1998
1 3254
1 463
1 2417
1 6609
1 5537
1 5885
1 2299
1 5392
1 5576
1 6039
1 4576
1 732
1 1857
1 640
1 6654
2 381 3593
1 1520
2 1166 3265
1 5018
1 1883
2 2528 5366
1 1157
1 6475
1 83
1 4971
1 2312
1 6580
1 5443
1 3814
2 440 5831
1 897
1 2257
2 73 1940
1 1102
2 179 3552
1 535
1 5070
1 5503
1 5064
1 403
1 3942
1 2055
1 571
1 5200
1 5010
1 283
1 1349
1 713
1 1716
1 2363
1 3287
1 5966
1 3919
1 3381
1 13
1 4720
1 173
1 998
1 1764
2 4727 5282
1 1837
1 5831
1 1877
1 5145
1 1856
1 4469
1 5599
1 1581
1 3708
3 4337 4724 5621
1 4811
4 286 992 3165 4047
1 1997
1 487
1 5321
1 6134
1 495
1 6616
1 5791
1 1937
1 691
1 5612
1 1432
1 66
1 3919
1 1208
1 958
1 4666
1 2651
1 400
1 4930
1 4435
1 6394
1 5201
1 5930
1 6475
1 951
1 598
3 778 1804 4775
1 5631
1 5121
1 4175
2 4969 4981
1 4527
1 5428
1 2419
1 5955
1 6329
10 342 398 478 1240 2752 3600 3630 3763 3814 3837
1 1840
1 3530
1 0
1 780
2 5237 5531
1 6528
1 1253
1 3599
1 2423
1 4120
1 5066
1 5588
1 5099
1 1115
1 5523
3 210 928 948
1 5345
1 4286
2 5035 5717
2 1911 5496
1 5577
1 3015
1 1894
1 6132
1 4548
1 5383
1 1301
1 1995
1 6737
1 2608
1 2096
4 596 1260 3397 4085
1 4637
1 4547
1 5256
1 1302
1 5007
1 832
1 6805
1 6393
1 6368
1 751
1 5200
1 4977
1 5706
2 331 3570
1 1799
1 5990
1 2655
1 2953
2 3190 4156
1 56
1 3334
1 3765
1 4476
1 3862
1 5195
1 5696
1 3735
1 286
1 6133
2 1182 2801
1 2103
1 3396
1 5857
1 1197
1 4031
1 2796
1 1130
1 4289
1 5662
1 4136
2 674 3934
1 2069
1 2118
1 6486
1 2226
1 6564
1 5394
1 5505
2 1954 2687
1 5630
2 2368 4785
3 1505 2424 3124
4 597 993 1039 2210
1 4812
1 6571
1 5297
1 4454
2 1466 2219
2 2633 4670
1 2503
1 1897
1 5546
1 4067
1 5823
1 1404
1 4840
1 5967
1 2507
3 165 524 4314
1 1542
2 2271 4424
1 2930
1 5329
1 3542
2 1197 1294
1 197
1 6756
1 1298
2 6165 6170
1 2670
1 4423
1 5698
1 862
1 627
2 1505 1924
1 3126
2 81 1975
1 1792
1 2544
1 6042
1 5950
1 919
1 4334
1 4299
1 4245
1 1854
1 6190
1 5144
1 424
1 6101
1 72
1 3491
1 403
1 4423
2 6446 6775
1 3852
1 4155
1 446
1 6251
1 3003
1 1722
1 4452
1 4519
1 357
1 6203
1 4377
1 4840
1 3328
1 390
1 1488
1 4699
1 1616
1 3375
1 5592
1 6035
1 6324
1 6808
1 2447
1 3083
1 5965
1 6
1 5638
2 5165 5208
1 5250
1 2794
1 5619
2 1354 3419
1 3291
1 1181
1 225
1 5254
1 217
1 4799
1 169
3 62 566 4380
1 5397
1 5757
1 2622
1 6470
1 5808
1 4289
1 330
1 5879
1 4906
1 6056
5 5196 6345 6352 6391 6403
1 5900
1 5493
3 651 913 4289
1 1702
2 78 2958
1 6272
1 2603
1 6503
1 3415
1 1030
1 664
1 5398
1 5994
1 855
2 298 2329
1 2043
1 1115
1 2911
2 4107 6617
1 6532
1 5300
1 940
1 2109
2 3823 5305
1 519
1 1511
2 1499 2171
1 6684
1 3781
1 985
1 1426
4 2771 5733 5878 5896
1 4803
1 3986
4 629 2166 2288 4193
1 6635
7 1004 1852 2206 2225 2514 2821 4551
2 4501 4531
1 5133
1 870
3 2057 4666 5204
1 5511
1 2158
1 6809
1 5265
4 2937 3828 4939 4960
1 2590
1 2282
1 4106
1 4023
1 6588
1 6773
1 378
1 5426
2 1106 4443
2 4629 4926
2 194 5551
1 2501
1 389
3 4269 4442 4744
1 6257
1 276
1 3248
1 6531
3 996 1066 1184
1 6834
1 2906
1 2338
1 2451
1 5006
1 6588
1 4431
1 4235
1 6243
7 1296 1745 2873 3568 3801 4109 4330
1 593
1 1463
1 5065
1 6441
2 760 1314
1 2169
1 3511
1 4214
1 6852
3 941 6103 6194
1 2375
1 4369
1 824
1 1196
1 2410
1 2913
1 3585
1 492
1 3006
1 1136
1 4426
1 5074
2 301 1433
1 6816
1 3898
1 5188
1 1199
2 1044 2071
1 5968
1 4681
1 6050
1 265
1 6061
1 5285
3 2181 3444 4019
1 308
1 591
1 3253
1 727
1 2752
1 5242
1 4286
1 1274
3 1433 2650 2777
1 5842
1 2640
1 4139
1 6228
1 2943
1 5104
1 6003
1 5238
1 4767
1 6762
1 6519
2 1168 2896
2 83 2061
1 6471
2 2977 4547
1 2024
1 4442
1 6073
1 2863
1 5827
1 247
1 5091
1 1827
1 112
1 3843
1 6417
1 2613
1 3871
1 6051
1 6098
1 1476
3 3975 4689 5573
1 772
1 6302
1 6863
1 1901
1 4766
1 3015
1 6493
1 6601
2 1167 3680
1 1424
1 1352
1 3004
1 6452
1 5691
1 4574
1 3411
1 1762
2 4245 5062
1 1269
1 3996
1 6801
1 2274
1 856
2 4927 5012
1 2091
1 1556
1 5226
2 4489 4531
1 625
1 6280
1 4564
5 1368 1509 3389 5352 5430
1 808
1 5203
1 1617
1 765
1 1610
1 3534
1 5316
2 52 1834
1 4958
1 3489
1 4307
1 3319
1 6036
1 1091
1 5239
1 6588
1 462
1 1305
2 1904 5514
1 4858
1 709
15 904 1129 1473 1559 2138 2143 2624 3077 3494 3744 3987 4117 4178 4470 5388
1 6071
1 6734
1 4676
1 2703
4 4997 5953 6370 6392
1 2616
1 5287
1 2660
2 416 2084
2 2205 2754
1 635
1 2290
1 750
1 947
1 1773
1 1024
1 6697
2 1716 5367
1 2979
1 648
3 4187 4196 5989
1 2860
1 2661
1 2761
4 6367 6374 6382 6403
1 1958
1 1029
1 5861
1 6723
1 4682
1 2603
1 2892
1 3789
5 1083 1347 1840 4487 4675
1 1973
1 2019
2 768 3855
1 2777
1 6752
1 1997
2 3300 4265
1 1997
1 3869
1 2416
1 4994
1 2191
1 981
1 5925
1 5509
4 526 2302 3274 6041
1 1641
1 3960
1 6621
1 2037
1 770
2 2291 2508
1 6827
1 5040
1 6599
1 5992
1 4828
1 3094
1 6339
1 6176
1 3370
1 680
1 4502
1 860
2 892 4122
1 3970
1 3726
1 6189
1 3493
1 3407
1 4651
1 3665
1 6398
1 5947
1 4896
1 1113
1 2034
1 4723
1 6355
1 5274
1 6588
1 4629
1 1459
1 6787
1 3795
1 5879
1 1881
1 1424
1 1164
2 3556 3623
1 1313
1 5781
3 379 1844 3833
3 249 4650 6440
1 4557
1 5750
1 4966
2 1651 2786
2 893 3103
1 3214
3 1669 3193 3497
1 298
1 6792
1 6503
1 3703
1 5882
2 1695 2164
1 1720
1 38
1 5780
1 4844
1 1090
1 2030
1 2642
1 623
1 1373
1 727
1 6785
1 6363
1 6737
1 2887
1 5856
1 174
2 70 6683
1 1057
1 849
1 6481
1 1561
2 2556 3414
1 5545
1 4205
1 5854
1 14
1 4745
1 57
1 3338
1 5117
1 5590
1 4771
1 6841
1 2939
1 4407
1 2366
1 3082
1 6588
1 560
1 5784
1 1468
1 6003
1 2234
1 3624
2 829 3451
2 1242 4370
1 4355
1 4042
1 482
1 6649
1 2350
2 1556 3888
1 5942
1 6174
1 2597
1 1652
1 6530
1 5750
1 6837
2 1665 1978
1 2574
1 4753
2 4105 5343
1 4226
20 92 715 923 1450 1528 1984 2182 2186 3139 3669 3712 3760 3782 3972 3973 4015 4054 4110 4251 4333
2 1493 4156
1 3442
1 6014
1 1929
1 1347
1 5300
1 5026
1 212
1 1589
1 6416
1 304
1 5556
1 5470
1 4830
1 3419
1 1214
1 5706
1 709
1 2745
1 5
1 3375
1 4849
1 0
1 6165
1 3917
1 5369
1 1576
1 3609
2 2859 5591
1 6225
1 6720
1 4138
1 6459
2 1487 4121
2 133 3060
3 5151 5270 5721
2 4181 4308
1 6419
1 4519
1 6515
1 1522
1 6185
1 3936
3 626 2790 2877
1 3992
1 4602
1 1460
1 6326
1 4006
1 5150
1 4577
1 2736
1 5732
1 1845
1 1154
1 3237
1 2132
1 5428
1 2263
1 116
1 4269
1 4402
2 720 4153
1 4658
2 6007 6089
2 1018 6856
1 5928
1 3282
1 5290
1 154
1 5028
2 4218 5931
1 677
1 3676
1 3767
1 4428
1 2070
1 6053
1 5137
1 691
1 5245
1 4341
2 261 3026
1 6544
1 5563
2 1555 2379
3 1148 1776 3025
2 1927 3975
1 3184
1 383
1 6588
1 2880
1 335
1 3423
1 1636
1 1060
1 6081
1 949
1 4561
1 1653
1 6403
1 2533
1 2995
1 4602
1 307
1 176
2 4349 5986
2 1329 5463
1 4052
1 6053
1 3828
1 2704
1 2776
1 5133
1 3628
1 3775
1 891
19 117 811 852 872 873 1543 1778 1949 2127 2394 2601 2976 3399 3439 3529 3834 4295 4356 4361
1 3881
1 1208
1 6151
1 6321
1 1641
1 531
1 6621
1 4111
3 462 3615 4489
1 5915
1 2526
1 1221
1 1453
1 5542
1 6693
1 6841
1 4562
1 3987
1 5762
1 6623
1 403
1 6794
2 1219 4293
1 6628
1 5800
1 3782
1 6718
1 4642
1 5264
1 4252
1 5865
1 6595
2 4928 4931
2 5497 5522
1 5100
1 4602
1 4159
1 511
1 5995
1 6411
1 5339
1 3030
1 1460
1 3001
1 2164
1 5283
1 1972
1 6102
1 5963
1 2954
1 3135
1 1733
1 5624
1 5150
1 3866
1 6178
1 3269
1 1479
1 6084
1 4294
1 2611
1 284
2 3221 4334
1 4030
1 6676
1 353
1 3103
1 5644
1 1506
1 950
1 6760
1 2059
1 3921
1 2103
1 3473
1 5135
2 151 4061
1 4692
1 5120
1 1440
1 2797
1 1181
2 6040 6564
1 1916
2 2311 3065
1 1366
1 2657
1 2711
1 5518
1 3491
1 5007
1 623
1 2354
1 3982
1 531
1 181
1 1459
1 1468
1 1003
1 5898
1 5723
1 2129
1 2387
1 6783
1 6308
1 1274
1 4058
1 4536
1 5241
1 4048
1 361
2 2897 2969
1 1613
1 4468
2 2141 4523
4 2780 3586 4190 6067
1 6483
3 5441 5472 6204
1 3774
1 5565
1 6817
1 4882
1 2205
1 5926
1 6490
1 2482
1 2274
1 4687
1 6844
1 1319
1 3361
2 1748 6607
2 5164 5224
1 486
4 427 676 1513 2241
1 3678
1 5355
1 5729
1 825
1 1695
1 5327
1 2712
1 4732
1 2909
1 4905
1 3622
1 2217
1 2998
1 2781
1 4352
1 3982
1 2523
1 5178
1 2562
1 2947
1 5478
1 5301
1 675
1 6141
1 4349
2 4358 5415
1 2346
1 1000
1 1009
1 6400
1 1857
1 4653
1 3383
1 4342
1 5622
1 5000
1 1461
1 6806
1 6042
1 4405
1 4346
1 5188
1 4442
2 1840 5060
1 3238
1 689
1 393
1 6179
1 5324
1 6585
2 2500 5148
1 484
4 4239 5478 5496 6698
1 6522
1 5627
1 6179
2 6296 6498
1 4895
1 368
1 2454
1 3813
1 932
1 3730
1 5309
1 2769
1 3606
1 3018
4 909 5194 5530 5926
1 6435
1 1840
1 5946
1 6484
1 4140
1 6753
1 704
1 6508
1 2757
1 2310
1 5548
1 2845
5 1925 2327 3011 3977 5051
1 2317
1 2724
2 6310 6365
1 1172
2 4062 6214
1 5259
1 3388
1 5981
1 5420
1 4016
1 4510
1 5187
1 5250
1 586
1 2919
1 4343
2 1005 2529
1 6498
1 1
1 1443
1 6559
1 2964
1 4795
1 868
1 900
1 1556
1 2460
1 6394
1 6492
1 1635
1 3168
2 494 3900
1 317
1 5708
1 3736
2 2173 4623
2 304 6651
1 6768
1 6311
1 2341
1 3116
1 5500
1 1398
1 1798
1 6019
2 403 4485
1 4355
1 6250
1 6210
1 6815
86 25 65 103 127 143 168 435 592 596 690 703 728 729 748 752 784 798 809 844 880 943 961 1021 1138 1139 1178 1215 1245 1303 1325 1328 1353 1464 1489 1516 1650 1826 1830 1846 1992 2005 2079 2133 2230 2292 2371 2411 2539 2551 2628 2710 2858 2927 2987 3165 3276 3281 3283 3348 3482 3501 3514 3540 3567 3681 3699 3723 3739 3865 3956 3961 3988 4085 4095 4215 4262 4275 4283 4284 4310 4375 4379 4391 4405 4423 4426
1 6808
1 1953
1 462
1 6862
1 1075
1 1485
1 2879
1 6177
1 3828
1 2483
1 6105
1 5629
1 1752
1 4588
1 4169
2 5343 6693
1 4854
2 299 4129
1 5757
1 1544
1 1034
2 1009 5809
1 1384
1 4162
1 3226
1 5590
1 3027
1 4886
1 73
1 6343
1 4115
1 801
1 5760
1 1275
1 3828
1 4428
1 571
1 4030
3 5464 5494 6215
1 4512
1 6036
1 2393
1 308
1 19
1 4535
5 5782 6031 6572 6723 6855
1 1989
1 5412
1 5857
1 2532
4 1414 1528 2278 3060
1 5909
1 5564
1 6417
1 2013
1 5671
1 6417
1 4358
1 1789
1 6777
1 2744
1 3932
1 545
1 2741
1 166
1 4175
1 6578
1 3206
1 2565
1 666
1 6488
1 4707
1 6416
2 2242 4994
1 944
1 2777
1 4033
1 4843
1 849
1 6203
1 3167
1 4901
1 5666
2 3888 4040
1 6764
1 5348
2 862 4879
1 3775
1 1916
1 1663
1 4371
1 3524
1 2492
1 6009
1 2646
1 2058
1 4058
1 5737
1 2650
1 1270
3 2507 3553 5312
1 5548
1 6077
1 1207
1 4602
1 3461
1 3561
1 4394
1 4287
1 4113
1 6790
1 1429
3 5214 5459 5461
1 6294
2 5243 6767
1 2933
1 4269
1 3064
1 6749
2 829 2054
1 4836
1 3704
1 5417
1 3558
1 444
1 3888
1 5935
1 5347
1 6741
1 2705
1 3323
2 4653 4703
1 2765
1 2997
1 2118
1 4255
1 2790
1 6461
1 2404
2 1036 5225
1 4348
1 229
2 4979 6040
1 5929
2 3222 4631
1 2790
1 405
1 6846
1 5650
1 6405
1 808
1 5662
1 6611
1 1223
1 2995
1 2652
1 3885
1 2611
1 5700
1 1459
2 465 1166
1 6051
1 4615
1 5666
1 1339
1 6537
2 4853 5303
5 5454 5525 5752 6283 6709
1 5580
2 1119 1263
1 4189
1 5155
2 773 5843
1 6565
1 6735
1 5891
1 4406
1 5811
1 3022
1 6329
1 3050
1 1354
1 6304
8 1497 1761 2000 2082 2911 3902 3958 4340
1 1820
1 6755
1 1579
1 2852
1 6295
1 4774
3 531 1702 3781
1 5064
1 5708
1 4511
1 6408
2 4475 5098
1 4863
1 3447
1 2475
1 6156
1 5284
1 166
1 476
1 462
1 4751
1 1867
1 341
1 1137
1 5586
2 77 4372
1 2743
1 1814
1 3968
2 5678 5732
1 2514
1 6798
1 5724
1 6303
1 5999
1 1902
1 4987
1 2592
5 20 1185 2488 3977 4974
1 4602
1 6335
1 1883
1 4422
1 3828
1 3556
1 4111
1 3648
1 637
1 1344
3 1347 1907 3964
1 3713
1 6637
1 4471
1 4614
1 6559
1 1095
1 2525
1 6592
1 4704
1 446
1 6761
1 2387
1 6285
1 4634
1 2790
2 1753 2921
1 5399
1 4374
1 6239
1 4558
1 5930
1 6403
1 4385
1 2516
1 851
1 1208
1 1198
1 1718
1 2117
1 3452
1 1496
1 714
1 5577
1 2496
1 3166
1 3534
2 1367 4941
1 5456
1 1486
5 1189 4062 5203 5444 5525
1 4385
1 5146
1 3873
1 2236
1 6818
2 4831 5628
1 1115
2 991 1558
2 1471 2372
1 1038
1 3441
1 3854
1 2103
1 6533
1 4029
1 4769
1 2101
1 3474
1 3336
1 4513
1 2739
1 1791
1 1319
1 2090
1 6080
1 2655
1 1852
1 3078
1 4878
1 3970
1 2977
1 6571
2 1647 1784
2 2011 5684
1 2610
1 4945
1 4968
1 1225
1 5783
1 912
1 3598
1 4519
2 3485 6194
1 1612
1 6774
1 2876
1 248
1 4355
1 4893
5 843 2152 2486 2706 3232
1 5019
3 303 1589 2533
1 2141
1 6172
2 367 1027
1 3943
1 4706
1 3764
3 1179 1596 5474
1 1030
1 3321
1 5374
1 3496
1 362
1 6501
1 493
1 5170
1 354
1 5656
1 6588
2 2173 4527
1 985
1 6422
2 788 1670
2 1896 3442
1 2372
1 772
1 1106
1 644
1 499
1 1079
1 5029
4 5883 5886 5895 5896
1 3311
1 2583
1 2334
1 2754
1 4961
1 3426
1 3828
1 2776
1 6221
1 3814
1 34
2 82 4053
1 5427
1 3436
1 1867
1 5668
1 5666
1 512
1 2508
1 6269
3 1238 1939 4401
1 3491
1 1269
1 3374
1 1645
1 5416
1 98
1 134
1 901
2 2356 4826
1 4228
1 6793
1 5634
1 1050
1 2117
1 2382
1 6332
1 6514
1 4647
1 4862
1 1546
1 6662
1 4948
2 2659 3616
1 1468
1 4566
1 3976
1 5858
1 2228
3 236 259 2956
1 4014
1 4406
1 41
1 6314
1 6040
1 3114
1 1309
1 5688
1 3536
2 1013 1025
1 5644
1 6593
1 6022
7 289 513 2959 3508 3785 3812 5796
2 851 4890
1 4211
1 4016
1 3329
1 4876
1 5326
1 4243
1 4033
1 5474
1 5968
1 1956
4 4887 5547 5897 6786
1 5854
1 2964
1 1068
2 3467 5990
1 669
1 4576
1 2409
2 5789 6811
1 6700
1 5759
1 4666
1 4295
2 3820 4447
1 2743
1 4966
2 3268 5960
1 4009
1 4059
1 4003
2 3774 4726
1 3819
1 4674
1 5548
1 4219
1 3908
2 4024 6572
1 5489
1 5853
1 1655
1 5141
1 5857
1 831
1 5283
1 990
8 4543 4792 4836 4914 4924 4964 4993 5323
1 6781
1 192
1 5043
1 4764
1 1551
1 4486
1 4252
2 5063 6115
5 387 1121 1277 2972 4546
1 1695
1 1869
2 1253 4131
1 2366
1 2673
1 4092
1 1589
3 1671 4896 4951
1 1321
1 5371
1 3922
1 1468
1 431
1 1060
1 115
1 6588
1 6780
1 623
4 460 2129 2952 5345
1 6408
1 298
1 2841
1 6596
3 2397 2777 2855
1 5008
1 1344
1 2825
1 6539
2 5064 6785
1 5752
1 1980
1 1405
1 6666
1 4507
1 5986
1 5473
1 5670
1 1668
1 1841
1 4157
1 470
1 5243
1 2507
1 2389
1 713
1 3597
3 1675 5683 6228
1 5769
1 6390
1 3484
1 6126
1 6515
3 4252 4781 5890
1 3392
1 4084
3 2173 3747 4358
1 4598
2 4687 6621
1 2467
1 442
1 1568
1 4341
1 3505
1 1597
1 613
1 6780
1 398
1 5206
1 2428
1 5296
1 5056
1 4070
2 856 4213
1 1446
1 3292
1 75
1 5745
1 2279
1 3837
1 3497
1 733
1 489
1 6133
1 1682
1 4671
3 579 4201 4231
2 3974 6691
2 3323 4594
1 6848
1 3918
1 405
1 1170
1 6040
1 1078
1 6533
1 5083
1 3145
1 3120
5 599 746 2352 2373 4249
1 6233
1 6515
2 2194 6215
1 6786
1 6472
1 644
1 4091
1 6606
1 5916
1 5085
1 2783
1 1542
1 3996
1 5174
1 6110
1 3025
1 2783
1 5662
1 6038
1 3814
1 1896
1 4861
1 1052
1 6379
3 5193 6707 6717
1 4572
1 6040
1 4289
1 4863
1 3472
1 6735
1 6302
1 3875
1 6816
1 6824
2 505 3417
1 6353
1 1042
1 6053
1 2141
2 2639 4496
1 6837
1 2316
2 5241 6301
1 4859
1 4532
1 6165
1 4942
3 148 635 3212
3 2648 3152 3603
1 302
1 5252
1 6006
1 5124
1 5477
1 4334
1 6678
1 304
1 3797
1 1664
1 1658
1 6665
1 6756
1 670
1 191
1 4891
1 6820
1 403
1 5208
1 5953
1 4504
1 5920
1 2038
1 4184
1 5279
4 2265 3041 3363 3725
1 6387
1 4695
1 548
1 5022
1 361
4 887 1753 3808 4098
1 403
1 3796
1 2790
1 5423
1 3749
1 6529
2 3745 6658
1 3844
3 6137 6224 6456
1 3386
1 4435
1 5677
1 298
1 4623
1 5948
1 1080
1 4847
2 3846 5130
1 4287
1 3522
1 6791
1 4594
1 6053
1 1858
1 1997
3 862 1701 2777
1 1977
1 5941
1 3170
4 434 939 2120 2229
2 4055 5029
1 4969
1 2450
2 6356 6395
1 4955
1 5531
1 2935
2 1731 1734
1 2420
1 5408
1 6757
1 6584
1 2971
1 3732
1 3847
1 2497
1 6740
1 5887
1 6160
1 4482
1 2900
1 3060
2 5320 6554
2 2086 3282
1 6639
1 5066
1 3087
1 40
1 1106
1 306
1 4349
1 5586
1 334
1 2477
1 2752
1 1373
1 2783
1 5449
1 106
1 2981
1 4817
1 2930
1 4217
1 1120
1 1276
1 0
1 3982
1 5771
1 874
1 1701
1 3617
1 5161
2 111 4196
2 1440 2326
1 6596
1 3171
1 5207
1 342
1 6816
4 462 1221 2271 2455
1 3286
1 5799
1 4519
1 3333
1 4132
1 5922
1 1038
1 3351
1 3619
1 5475
1 1659
2 396 1733
1 4843
3 1904 2596 3056
1 2428
1 3510
1 1500
1 2308
1 4897
1 2390
2 5875 5885
1 2118
1 5365
1 4761
1 3908
1 3131
1 1481
1 6024
1 6140
1 6444
1 38
1 1931
1 5305
1 5371
1 3698
3 303 5051 5915
1 6512
1 2417
1 5937
1 5209
1 5843
2 1249 2810
1 3306
1 1546
1 774
1 4667
1 3266
2 4550 4898
1 634
1 6766
1 5362
1 6748
1 3523
1 623
1 2678
1 5364
1 1858
1 3758
2 4618 5899
1 5613
1 4364
1 5576
1 2627
2 1894 2952
1 2787
1 1653
1 1259
1 3192
1 1087
1 6192
1 4952
1 6716
1 1744
1 5305
1 3555
1 720
1 4822
1 2239
1 163
1 5813
1 1479
1 1098
1 2774
1 6346
1 2912
1 3489
2 3951 5173
1 4184
1 877
2 3639 3824
1 4567
1 3556
1 6785
1 6846
1 5601
1 1261
1 2985
1 2359
1 1556
1 5589
1 5798
1 5533
1 388
5 238 835 5496 6215 6707
1 2456
1 2167
3 1003 2306 6379
1 2533
1 2030
1 6337
1 6775
1 3882
1 371
1 2343
1 4762
1 5638
1 5346
1 174
1 3330
1 1634
1 6643
1 2362
1 1733
1 6140
1 4233
1 4760
1 6828
1 2337
1 6605
1 1239
1 2178
1 4242
1 2560
1 903
1 5010
1 2969
1 4877
3 3024 5643 6448
1 2562
1 3467
1 6486
1 5057
1 2816
1 5278
1 6582
1 2111
1 2151
1 6838
1 3932
2 6575 6633
1 5368
1 6756
1 4572
2 4672 5675
1 5079
1 5321
1 2630
1 1916
1 5312
1 4509
1 99
1 3940
1 3609
1 6364
2 2707 3932
1 6176
1 2666
1 6396
1 6541
2 5086 5850
1 1038
2 5817 5828
1 5643
1 1959
1 1614
1 6633
1 2873
1 2932
1 5182
1 6042
1 4735
1 5052
1 1408
1 883
1 1414
1 5635
1 2880
1 6186
1 1787
1 350
1 5201
1 5064
1 5978
1 5610
1 4864
1 6199
1 2056
9 1074 1392 1795 2594 2617 3294 3305 3757 4127
1 1718
1 1681
1 6464
1 1249
1 3882
1 6116
2 5451 5455
1 6855
1 6594
1 0
1 3251
1 6149
1 4046
2 2501 6633
1 2673
1 3842
1 1859
1 4591
1 5741
1 4329
1 6474
1 4520
1 5341
1 2654
2 829 1561
1 2896
1 2542
1 3588
1 6040
1 6409
1 5353
1 3097
1 687
1 465
1 1637
1 5199
1 3609
1 4917
1 5649
1 4902
1 6667
2 720 6692
1 2271
1 6566
1 3069
1 5753
1 2141
7 618 817 976 1377 1445 1564 3778
1 5853
1 6298
3 244 1925 3977
1 4961
1 1288
2 2426 4194
1 4160
1 3400
1 1916
1 6156
1 6079
1 3149
1 5980
2 288 4740
2 1440 4357
1 1819
1 5991
1 3828
1 6489
1 6121
1 5521
1 502
1 1787
1 3196
1 6410
1 3128
1 6850
1 4750
1 5806
1 3335
1 6335
1 4757
17 220 548 828 931 1524 1604 1983 2105 2127 2377 2920 3076 3639 3668 3780 4258 4338
2 2274 2900
1 4069
1 4036
1 4894
1 2338
1 6394
1 5421
3 1198 1912 5269
1 6786
1 6784
1 5692
1 2
1 3524
1 5546
1 6103
2 2660 5845
1 6108
1 2218
1 186
2 3671 4194
1 4016
1 4519
197 33 49 53 60 67 74 136 161 162 172 177 200 221 227 233 240 246 264 271 275 281 311 345 346 358 360 375 394 404 411 433 441 464 469 506 519 520 521 548 549 591 600 607 614 641 670 699 701 735 744 763 769 771 791 792 872 899 925 929 932 936 953 963 975 1001 1053 1062 1105 1190 1202 1206 1212 1224 1306 1311 1324 1359 1361 1371 1383 1402 1454 1483 1531 1539 1548 1580 1619 1624 1677 1678 1693 1711 1739 1747 1849 1878 1971 2022 2093 2210 2216 2303 2304 2335 2344 2384 2401 2465 2468 2472 2479 2482 2484 2494 2505 2629 2641 2693 2706 2812 2884 2943 2989 2992 3016 3054 3068 3075 3106 3191 3210 3355 3356 3358 3387 3465 3481 3482 3545 3546 3547 3549 3572 3574 3631 3633 3640 3650 3687 3715 3737 3743 3759 3761 3783 3803 3825 3826 3832 3878 3896 3950 3981 3984 3985 3988 4047 4051 4136 4137 4142 4149 4161 4165 4166 4172 4180 4191 4195 4197 4204 4209 4244 4258 4259 4282 4315 4373 4384 4390 4415 4457 4464 4493 4522 4790
1 3774
1 6149
1 6439
1 1562
1 1422
1 2916
1 6461
1 4280
1 1174
1 3830
5 59 432 663 3194 3513
1 6083
1 6467
1 6059
1 5979
1 1972
1 5644
1 5388
1 5229
1 85
2 851 4798
1 4245
1 2533
1 6068
1 2776
1 2661
1 6794
2 4500 5240
1 2705
1 3495
1 1337
1 5834
1 2386
1 5840
1 6227
1 2430
1 6831
1 6722
5 1336 1648 1933 2265 4493
1 5047
1 1078
2 1477 2343
1 6289
1 476
1 6848
1 3719
1 210
1 5857
1 2516
2 6311 6664
1 1427
1 6660
2 2327 4272
1 4555
1 517
2 786 5876
1 6736
1 3231
1 6362
1 1589
1 5114
1 2814
1 1182
1 6756
1 818
1 4594
1 1421
1 679
2 4953 5537
1 462
1 979
1 3449
2 1701 2683
1 2341
1 4326
1 6378
1 3595
1 4190
1 4106
1 5986
1 5283
1 6481
3 2882 4434 6806
1 1547
1 5853
2 5371 5388
2 6113 6142
2 749 829
1 1289
1 5691
2 1149 2064
1 106
1 3266
6 1171 2268 2445 4663 4682 5246
1 5326
1 6399
1 6372
1 3042
1 5559
1 4818
1 2536
1 5536
1 4381
1 5071
1 5461
1 3658
1 4602
1 5955
1 1337
1 4022
1 3937
2 2115 3470
1 4442
1 5569
1 208
1 1956
1 1038
1 5593
1 2842
1 5321
1 5685
1 3816
1 6350
1 6456
1 2713
1 5343
1 6620
1 5925
1 3935
1 3663
1 4300
2 334 2273
1 5654
1 4329
1 2355
1 6138
1 3888
1 2222
2 259 3174
1 4698
1 2447
1 5775
1 6711
2 2421 6239
1 1404
1 3259
1 1966
1 3698
2 3243 4412
1 2787
1 3791
1 3051
1 3464
1 4418
2 5504 6795
1 5122
1 1154
1 6759
1 5562
1 4230
1 2255
1 1298
1 2815
1 6224
1 1143
1 1278
1 2561
2 5174 5940
4 860 893 4030 4489
1 3848
1 1163
1 1806
1 2627
1 3584
2 1113 2574
1 3656
1 4981
1 5061
1 5692
1 3975
1 2110
4 1529 1718 4672 4681
1 2163
1 3982
1 6122
1 5440
1 5870
1 4694
1 2723
1 6381
1 6697
1 6651
1 662
1 4572
1 805
1 712
1 1149
1 2643
1 5943
2 681 3295
3 344 5547 6846
1 4602
1 2174
1 853
1 5814
1 4832
1 4482
1 2452
1 2904
2 5251 6187
1 5347
1 5360
1 6736
2 4214 6426
2 1864 3046
1 2971
1 1598
1 3642
1 859
1 5132
3 2594 3311 5709
1 5188
1 1049
1 1799
1 2480
1 6527
1 2901
1 6076
1 6421
1 1825
1 4475
1 4377
1 6786
1 6768
1 6298
1 4731
1 4183
1 4773
2 305 2745
1 2467
1 6125
1 1993
1 2502
1 2417
1 5839
1 6684
1 4991
1 2023
1 6002
1 3882
1 5773
1 1585
1 6732
1 4800
1 6106
1 6154
2 3492 6438
3 983 3736 6223
1 3503
2 829 1509
1 6096
1 2903
1 1607
2 4158 4312
1 6165
4 95 906 1454 3482
1 2146
1 6015
1 5153
1 5754
1 476
1 1352
1 2450
3 111 1435 5496
1 6003
1 4880
2 5413 6267
1 4596
1 6013
1 621
1 2056
2 1906 3861
1 5515
1 1696
1 2451
1 3402
1 1695
1 3419
1 6465
1 2607
1 3564
1 5703
1 829
1 3158
1 6107
2 4655 6115
2 93 5789
2 4008 5826
2 1384 3004
1 2886
1 5903
1 6319
1 5985
2 3828 4696
1 2258
1 3527
1 3798
1 767
1 1663
2 107 3036
1 1166
1 3981
2 1011 2392
1 5690
1 1556
2 153 2357
1 6504
1 4119
1 2553
5 776 1329 3506 3510 3753
1 4568
1 4371
1 2948
1 2171
1 5549
1 1274
1 2946
1 6644
1 397
1 2262
1 2545
1 5169
1 6378
1 2620
2 2759 3853
1 2733
1 2397
1 3529
1 5912
1 5761
1 6565
1 6559
3 2260 3842 4334
1 2476
1 973
1 6501
4 723 1126 2671 4723
1 5065
1 5884
1 5748
1 2080
1 5016
1 2451
2 1771 2695
1 6238
1 4979
1 4830
1 1345
2 6050 6696
1 6724
1 6290
1 5480
1 938
1 3126
1 1623
1 4860
1 3401
1 5744
1 623
1 3489
1 2578
1 1685
1 4832
1 3838
12 290 375 703 787 2099 2878 3208 3312 3741 4203 4277 4310
1 1568
1 4489
1 1412
1 2450
1 4036
1 633
1 1591
1 6165
1 5858
1 5218
1 6821
1 4750
1 314
3 1718 5772 5799
1 6508
1 3747
1 6530
2 2248 6398
1 4062
1 3352
1 5612
1 4860
2 2026 2675
1 262
1 5657
1 2107
4 4396 4898 5799 6631
1 2725
2 4593 5345
1 5853
1 6377
1 21
1 6028
1 298
1 5859
2 1547 3627
2 6547 6716
1 2088
1 2448
1 3243
1 5267
1 4661
1 6167
1 3789
1 2355
1 5067
1 2191
1 3648
1 4602
1 6505
1 3929
2 4334 5789
2 118 631
1 5906
1 6552
1 4157
1 5298
1 6736
1 2995
1 6398
1 6336
1 4154
1 2689
3 3652 4900 5805
1 1394
1 6728
1 6203
1 3293
1 698
1 569
1 1734
1 1340
1 3905
2 1364 1903
1 3965
1 3509
1 255
1 5003
1 3196
1 6835
1 1543
1 3069
2 4309 6751
1 3242
1 5350
1 6040
3 1629 2110 5558
1 3233
1 3672
1 2368
1 6559
1 3998
1 1875
1 5120
3 1647 4975 6469
2 142 1544
2 5290 5595
1 2633
1 1780
1 2406
2 478 1046
1 1253
1 454
1 2813
1 5307
1 3503
1 5120
1 3946
1 5586
1 2930
1 829
1 6539
1 6052
1 4294
1 4060
1 4886
1 4602
1 4590
1 6368
1 6444
1 5549
1 4506
2 1589 3314
1 5983
1 1170
1 2865
1 727
1 5656
1 6422
1 5587
1 452
1 5127
1 1751
1 6002
1 4542
1 3155
1 1276
1 4445
1 2960
1 2071
1 5582
1 2193
1 2068
1 1752
1 6605
1 5191
1 6790
1 5427
1 6397
1 4549
1 5786
1 263
1 6519
1 4983
1 6699
1 780
1 2312
1 1556
1 2870
2 4428 6654
1 3519
1 1130
1 4962
1 794
1 2676
1 5357
1 1286
1 4664
1 5318
1 5911
1 4972
1 860
1 5710
1 5529
1 5581
1 1060
1 409
2 4412 4510
1 3113
1 6611
2 868 3843
1 4289
1 4027
1 883
1 5240
1 6644
1 4519
1 327
1 3570
2 1479 2767
1 4947
1 2308
1 5881
1 4006
1 6150
1 2670
1 861
1 6653
1 6181
2 2387 3402
4 158 1030 3500 5855
1 6266
1 5803
1 5586
1 4507
1 5136
1 6476
1 1311
1 4890
3 2368 2688 5826
1 2595
1 3941
1 6108
2 1610 2575
1 6017
1 6857
1 6528
1 1774
1 846
2 1691 4842
1 2779
1 6042
1 5752
1 4129
1 3794
1 3477
1 1106
1 6461
1 6735
1 5228
1 266
1 5702
1 401
2 1106 4833
1 2183
1 1264
1 910
1 6640
1 6686
1 656
1 6508
1 2428
3 352 3397 3646
1 1429
1 6718
1 5429
5 579 1873 2078 2182 6694
1 4570
1 3151
1 2680
1 2550
1 5543
1 5716
1 2432
2 4039 5021
1 3343
1 195
2 6533 6582
1 5641
3 3813 3888 5639
2 2529 6373
1 1429
1 2524
1 2180
1 4435
1 2672
1 334
1 295
1 4291
1 465
5 2414 2696 3179 3751 5826
1 1669
1 5571
2 5509 6664
1 3478
1 6020
1 1022
1 104
1 2088
1 6141
1 1688
2 4650 5199
1 83
1 6588
1 5951
1 4612
1 5174
1 367
1 6389
1 4489
1 6716
1 27
1 6060
1 1149
1 3455
1 5070
1 675
1 3736
1 4583
1 2093
2 3036 3252
1 4313
1 1939
1 1225
1 263
1 2105
1 4669
1 1459
1 2623
2 257 4758
1 5447
1 2791
1 437
1 1319
1 1232
1 2251
1 6097
2 6046 6601
1 1123
1 5942
1 320
1 2238
1 4429
1 5064
1 5666
1 2193
1 6679
1 3136
2 5092 5879
1 4753
1 5432
2 2031 2713
1 5847
1 3976
1 3828
1 6795
1 2607
1 2418
1 5068
1 3305
1 4414
1 4099
1 1104
1 937
1 2683
1 2504
1 1117
1 5113
2 622 4688
1 2507
1 1155
2 2266 5650
1 4748
1 6764
1 5401
1 1746
1 1907
1 5371
1 3153
1 2266
1 6260
1 2894
1 4768
1 2130
1 6164
1 3436
1 57
1 5931
1 5792
1 4319
1 3025
1 3696
1 3749
1 2954
1 6515
1 266
1 4448
1 6287
1 3409
1 3161
1 6588
1 2891
1 669
1 3791
6 835 3011 4206 5192 5488 6215
1 3176
1 1790
1 3974
1 4651
1 1988
1 4796
2 5168 5439
1 4533
1 3099
2 2104 2555
1 5864
1 5202
1 5666
1 5371
1 3441
1 4341
1 4057
1 5642
1 5846
1 6776
2 862 3907
1 6181
1 3817
1 3994
1 4584
2 5156 6836
1 4739
1 6860
1 588
1 4229
1 910
1 6054
1 6644
1 669
1 5269
1 3428
1 6431
1 154
2 2929 3828
1 2307
1 1859
1 5399
3 2823 3342 3607
1 2473
1 2054
1 6008
1 257
1 4951
1 3667
1 6738
1 6388
1 6585
1 4679
1 1115
1 1695
2 1806 2467
1 5576
3 3288 5332 6727
1 95
1 3198
1 18
1 581
2 678 5466
1 2309
1 3020
1 462
2 1789 4515
1 6511
1 3738
1 1850
1 4754
1 2054
1 3317
1 1298
1 4994
1 1095
1 2058
1 1676
1 2725
1 5883
1 5881
1 6044
1 3868
1 6588
2 4873 6858
1 5305
1 3749
1 5506
1 3670
1 1197
1 4937
2 979 1466
1 5217
2 4814 5312
1 5544
1 3055
1 4341
1 4346
1 6768
1 2273
1 547
1 6738
1 5410
4 4581 4706 4992 5201
2 4668 5618
1 6682
1 257
1 4602
4 3011 3100 5224 5492
1 17
1 4414
1 6786
1 329
1 1941
3 2889 3252 4014
1 55
2 3040 5840
2 1824 4372
1 950
1 2149
1 1343
1 3781
1 2635
1 1732
1 5187
1 3797
5 62 598 1453 1460 6293
1 5504
1 1459
2 2339 4994
1 4606
1 6546
7 708 1269 2119 2507 3111 3508 3763
1 1360
1 6092
1 4331
1 6667
1 4738
1 6421
1 4488
1 422
1 6198
2 5984 6412
1 5837
1 4389
1 6735
1 1881
3 3186 5390 6806
1 6571
1 6131
1 4105
1 5345
1 3393
2 3557 5081
1 5660
1 5959
1 5049
1 2829
1 3770
2 87 2086
1 697
1 4460
1 6822
1 2526
2 4839 5383
2 6130 6138
1 5128
1 1074
1 6654
1 2018
1 6644
1 305
1 1096
1 4417
4 1106 2929 5345 5436
1 2577
1 3609
1 6139
1 4815
2 6291 6700
1 4242
1 62
1 2097
1 5291
3 170 3856 4011
1 6429
1 202
1 6304
1 6597
1 4740
1 598
1 6383
2 5284 5890
1 6813
1 1480
1 6433
1 6317
1 2869
1 1870
1 2788
1 3618
1 1556
1 4903
1 5221
1 5463
1 5372
1 4519
1 643
1 6040
1 5824
1 833
1 2200
1 671
1 124
1 6209
1 3390
1 6316
1 2509
2 1459 3339
1 2831
1 4824
1 4764
1 1546
1 4554
1 5427
1 6588
1 1305
4 2634 2696 3237 6012
1 3425
1 3798
2 2083 3695
1 6153
2 2543 5462
1 3272
1 1789
1 2708
1 219
1 5064
1 6589
1 317
1 5552
1 713
1 5087
4 325 2323 4210 4317
1 6246
1 2124
2 5015 5481
1 820
1 6420
1 5666
1 590
1 5475
1 5221
1 5116
1 2265
1 2684
1 5402
1 6664
1 1092
1 3370
1 6560
1 110
2 6341 6369
1 3473
1 2262
1 2402
2 1532 4483
1 879
1 1717
1 1404
1 6810
1 6368
1 6638
1 5701
7 68 1595 1952 3581 3604 4438 4458
1 2830
1 1588
1 4975
1 2996
1 1869
2 4690 5431
1 6018
1 899
1 4283
1 6005
1 1568
1 5138
1 4865
2 3586 4120
1 678
3 415 4056 4728
1 3729
1 1611
1 6823
1 4708
1 740
1 4252
1 1322
1 4323
2 2132 5554
1 833
1 889
1 5009
1 6108
1 755
1 3490
1 1225
1 412
2 990 6093
1 3867
1 4529
1 5410
1 6259
1 4321
1 684
1 3128
1 5280
1 5648
1 2683
1 58
1 3788
1 3982
1 6812
1 493
1 2577
1 6614
1 713
